Crew,Gr/Cl,ss,Race,date,surface,competition,cou,time_SS_sec,min_time,SS.
Peroulak,C2,1,Achaios,24/9/2023,Tarmac,Cup,1,392.82,392.82,Achaios_01
Koukeas ,C1,1,Achaios,24/9/2023,Tarmac,Cup,2,394.87,392.82,Achaios_01
Stafilop,4 2000+,1,Achaios,24/9/2023,Tarmac,Cup,3,399.1,392.82,Achaios_01
Karathan,C5 F2,1,Achaios,24/9/2023,Tarmac,Cup,4,408.8,392.82,Achaios_01
Daskalop,C2,1,Achaios,24/9/2023,Tarmac,Cup,5,409.94,392.82,Achaios_01
Dermas V,C3 F2,1,Achaios,24/9/2023,Tarmac,Cup,6,411.92,392.82,Achaios_01
Kapralos,C3 F2,1,Achaios,24/9/2023,Tarmac,Cup,7,419.33,392.82,Achaios_01
Katsarel,C3 F2,1,Achaios,24/9/2023,Tarmac,Cup,8,421.51,392.82,Achaios_01
Rocco Gi,4 2000+,1,Achaios,24/9/2023,Tarmac,Cup,9,424.16,392.82,Achaios_01
Papadopo,C2,1,Achaios,24/9/2023,Tarmac,Cup,10,425.84,392.82,Achaios_01
Kandilio,C2,1,Achaios,24/9/2023,Tarmac,Cup,11,427.63,392.82,Achaios_01
Katsikas,3 2000,1,Achaios,24/9/2023,Tarmac,Cup,12,435.34,392.82,Achaios_01
Kondilis,C5 F2,1,Achaios,24/9/2023,Tarmac,Cup,13,437.98,392.82,Achaios_01
Rekkas P,C6 F2,1,Achaios,24/9/2023,Tarmac,Cup,14,439.3,392.82,Achaios_01
Tiros Ni,C6 F2,1,Achaios,24/9/2023,Tarmac,Cup,15,439.93,392.82,Achaios_01
Kaberos ,C3 F2,1,Achaios,24/9/2023,Tarmac,Cup,16,440.87,392.82,Achaios_01
Nomikos ,C1,1,Achaios,24/9/2023,Tarmac,Cup,17,443.87,392.82,Achaios_01
Labropou,C2,1,Achaios,24/9/2023,Tarmac,Cup,18,444.1,392.82,Achaios_01
Kaberos ,C3 F2,1,Achaios,24/9/2023,Tarmac,Cup,19,446.38,392.82,Achaios_01
Amaxopou,2 -1600,1,Achaios,24/9/2023,Tarmac,Cup,20,448.15,392.82,Achaios_01
Fountas ,C6 F2,1,Achaios,24/9/2023,Tarmac,Cup,21,453.64,392.82,Achaios_01
Kalyviot,C6 F2,1,Achaios,24/9/2023,Tarmac,Cup,22,454.66,392.82,Achaios_01
Gavriili,4 2000+,1,Achaios,24/9/2023,Tarmac,Cup,23,461.46,392.82,Achaios_01
Yamalaki,3,1,Achaios,24/9/2023,Tarmac,Cup,24,463.66,392.82,Achaios_01
Kouniaki,C6 F2,1,Achaios,24/9/2023,Tarmac,Cup,25,466.9,392.82,Achaios_01
Papazogl,4 2000+,1,Achaios,24/9/2023,Tarmac,Cup,26,472.28,392.82,Achaios_01
Dekis Pa,C6 F2,1,Achaios,24/9/2023,Tarmac,Cup,27,477.87,392.82,Achaios_01
Bertsato,C3 F2,1,Achaios,24/9/2023,Tarmac,Cup,28,481.89,392.82,Achaios_01
Karouzos,C4 F2,1,Achaios,24/9/2023,Tarmac,Cup,29,483.04,392.82,Achaios_01
Diamanti,C4 F2,1,Achaios,24/9/2023,Tarmac,Cup,30,495.76,392.82,Achaios_01
Mitropou,2 2000,1,Achaios,24/9/2023,Tarmac,Cup,31,497.28,392.82,Achaios_01
Markopou,C5 F2,1,Achaios,24/9/2023,Tarmac,Cup,32,509.6,392.82,Achaios_01
Lykakis ,2 -1600,1,Achaios,24/9/2023,Tarmac,Cup,33,531.45,392.82,Achaios_01
Koukeas ,C1,2,Achaios,24/9/2023,Tarmac,Cup,1,384.84,384.84,Achaios_02
Peroulak,C2,2,Achaios,24/9/2023,Tarmac,Cup,2,385.43,384.84,Achaios_02
Stafilop,4 2000+,2,Achaios,24/9/2023,Tarmac,Cup,3,387.74,384.84,Achaios_02
Dermas V,C3 F2,2,Achaios,24/9/2023,Tarmac,Cup,4,399.6,384.84,Achaios_02
Kapralos,C3 F2,2,Achaios,24/9/2023,Tarmac,Cup,5,406.86,384.84,Achaios_02
Katsarel,C3 F2,2,Achaios,24/9/2023,Tarmac,Cup,6,414.61,384.84,Achaios_02
Papadopo,C2,2,Achaios,24/9/2023,Tarmac,Cup,7,416.27,384.84,Achaios_02
Nomikos ,C1,2,Achaios,24/9/2023,Tarmac,Cup,8,424.07,384.84,Achaios_02
Rocco Gi,4 2000+,2,Achaios,24/9/2023,Tarmac,Cup,9,424.83,384.84,Achaios_02
Katsikas,3 2000,2,Achaios,24/9/2023,Tarmac,Cup,10,425.76,384.84,Achaios_02
Kondilis,C5 F2,2,Achaios,24/9/2023,Tarmac,Cup,11,429.01,384.84,Achaios_02
Daskalop,C2,2,Achaios,24/9/2023,Tarmac,Cup,12,429.02,384.84,Achaios_02
Labropou,C2,2,Achaios,24/9/2023,Tarmac,Cup,13,430.6,384.84,Achaios_02
Rekkas P,C6 F2,2,Achaios,24/9/2023,Tarmac,Cup,14,433.58,384.84,Achaios_02
Kaberos ,C3 F2,2,Achaios,24/9/2023,Tarmac,Cup,15,434.18,384.84,Achaios_02
Tiros Ni,C6 F2,2,Achaios,24/9/2023,Tarmac,Cup,16,434.55,384.84,Achaios_02
Fountas ,C6 F2,2,Achaios,24/9/2023,Tarmac,Cup,17,437.09,384.84,Achaios_02
Amaxopou,2 -1600,2,Achaios,24/9/2023,Tarmac,Cup,18,438.19,384.84,Achaios_02
Kalyviot,C6 F2,2,Achaios,24/9/2023,Tarmac,Cup,19,439.61,384.84,Achaios_02
Kaberos ,C3 F2,2,Achaios,24/9/2023,Tarmac,Cup,20,447.56,384.84,Achaios_02
Papazogl,4 2000+,2,Achaios,24/9/2023,Tarmac,Cup,21,457.57,384.84,Achaios_02
Kouniaki,C6 F2,2,Achaios,24/9/2023,Tarmac,Cup,22,460.16,384.84,Achaios_02
Gavriili,4 2000+,2,Achaios,24/9/2023,Tarmac,Cup,23,462.55,384.84,Achaios_02
Dekis Pa,C6 F2,2,Achaios,24/9/2023,Tarmac,Cup,24,470.66,384.84,Achaios_02
Markopou,C5 F2,2,Achaios,24/9/2023,Tarmac,Cup,25,470.87,384.84,Achaios_02
Mitropou,2 2000,2,Achaios,24/9/2023,Tarmac,Cup,26,481.86,384.84,Achaios_02
Karouzos,C4 F2,2,Achaios,24/9/2023,Tarmac,Cup,27,482.12,384.84,Achaios_02
Bertsato,C3 F2,2,Achaios,24/9/2023,Tarmac,Cup,28,488.0,384.84,Achaios_02
Diamanti,C4 F2,2,Achaios,24/9/2023,Tarmac,Cup,29,490.9,384.84,Achaios_02
Karathan,C5 F2,2,Achaios,24/9/2023,Tarmac,Cup,30,720.43,384.84,Achaios_02
Koukeas ,C1,3,Achaios,24/9/2023,Tarmac,Cup,1,379.1,379.1,Achaios_03
Peroulak,C2,3,Achaios,24/9/2023,Tarmac,Cup,2,380.65,379.1,Achaios_03
Stafilop,4 2000+,3,Achaios,24/9/2023,Tarmac,Cup,3,389.94,379.1,Achaios_03
Dermas V,C3 F2,3,Achaios,24/9/2023,Tarmac,Cup,4,407.02,379.1,Achaios_03
Papadopo,C2,3,Achaios,24/9/2023,Tarmac,Cup,5,416.48,379.1,Achaios_03
Karathan,C5 F2,3,Achaios,24/9/2023,Tarmac,Cup,6,418.2,379.1,Achaios_03
Nomikos ,C1,3,Achaios,24/9/2023,Tarmac,Cup,7,419.23,379.1,Achaios_03
Katsarel,C3 F2,3,Achaios,24/9/2023,Tarmac,Cup,8,420.88,379.1,Achaios_03
Katsikas,3 2000,3,Achaios,24/9/2023,Tarmac,Cup,9,425.62,379.1,Achaios_03
Tiros Ni,C6 F2,3,Achaios,24/9/2023,Tarmac,Cup,10,426.46,379.1,Achaios_03
Labropou,C2,3,Achaios,24/9/2023,Tarmac,Cup,11,426.96,379.1,Achaios_03
Rekkas P,C6 F2,3,Achaios,24/9/2023,Tarmac,Cup,12,428.81,379.1,Achaios_03
Kondilis,C5 F2,3,Achaios,24/9/2023,Tarmac,Cup,13,431.45,379.1,Achaios_03
Kalyviot,C6 F2,3,Achaios,24/9/2023,Tarmac,Cup,14,438.93,379.1,Achaios_03
Kaberos ,C3 F2,3,Achaios,24/9/2023,Tarmac,Cup,15,438.96,379.1,Achaios_03
Kaberos ,C3 F2,3,Achaios,24/9/2023,Tarmac,Cup,16,449.01,379.1,Achaios_03
Gavriili,4 2000+,3,Achaios,24/9/2023,Tarmac,Cup,17,450.11,379.1,Achaios_03
Rocco Gi,4 2000+,3,Achaios,24/9/2023,Tarmac,Cup,18,454.6,379.1,Achaios_03
Kouniaki,C6 F2,3,Achaios,24/9/2023,Tarmac,Cup,19,458.41,379.1,Achaios_03
Markopou,C5 F2,3,Achaios,24/9/2023,Tarmac,Cup,20,462.26,379.1,Achaios_03
Dekis Pa,C6 F2,3,Achaios,24/9/2023,Tarmac,Cup,21,468.73,379.1,Achaios_03
Bertsato,C3 F2,3,Achaios,24/9/2023,Tarmac,Cup,22,476.22,379.1,Achaios_03
Karouzos,C4 F2,3,Achaios,24/9/2023,Tarmac,Cup,23,478.07,379.1,Achaios_03
Amaxopou,2 -1600,3,Achaios,24/9/2023,Tarmac,Cup,24,481.82,379.1,Achaios_03
Mitropou,2 2000,3,Achaios,24/9/2023,Tarmac,Cup,25,484.98,379.1,Achaios_03
Diamanti,C4 F2,3,Achaios,24/9/2023,Tarmac,Cup,26,485.13,379.1,Achaios_03
Kapralos,C3 F2,3,Achaios,24/9/2023,Tarmac,Cup,27,487.71,379.1,Achaios_03
Papazogl,4 2000+,3,Achaios,24/9/2023,Tarmac,Cup,28,525.29,379.1,Achaios_03
Koukeas ,C1,1,Aigio,23/4/2023,Tarmac,cup,1,573.76,573.76,Aigio_01
Moschos ,C3 F2,1,Aigio,23/4/2023,Tarmac,cup,2,584.77,573.76,Aigio_01
Nomikos ,C1,1,Aigio,23/4/2023,Tarmac,cup,3,586.42,573.76,Aigio_01
Gerodimo,C2,1,Aigio,23/4/2023,Tarmac,cup,4,593.09,573.76,Aigio_01
Kapralos,C3 F2,1,Aigio,23/4/2023,Tarmac,cup,5,601.76,573.76,Aigio_01
Kondilis,C5 F2,1,Aigio,23/4/2023,Tarmac,cup,6,607.9,573.76,Aigio_01
Karathan,C5 F2,1,Aigio,23/4/2023,Tarmac,cup,7,610.93,573.76,Aigio_01
Kopanaki,C4 F2,1,Aigio,23/4/2023,Tarmac,cup,8,617.24,573.76,Aigio_01
Katsarel,C3 F2,1,Aigio,23/4/2023,Tarmac,cup,9,621.93,573.76,Aigio_01
Pantiera,C6 F2,1,Aigio,23/4/2023,Tarmac,cup,10,626.45,573.76,Aigio_01
Basdelis,C6 F2,1,Aigio,23/4/2023,Tarmac,cup,11,628.23,573.76,Aigio_01
Avgeropo,C4 F2,1,Aigio,23/4/2023,Tarmac,cup,12,628.64,573.76,Aigio_01
Tiros Ni,C6 F2,1,Aigio,23/4/2023,Tarmac,cup,13,631.37,573.76,Aigio_01
Tzikopou,C3 F2,1,Aigio,23/4/2023,Tarmac,cup,14,633.67,573.76,Aigio_01
Pantelak,C3 F2,1,Aigio,23/4/2023,Tarmac,cup,15,635.14,573.76,Aigio_01
Daskalop,C2,1,Aigio,23/4/2023,Tarmac,cup,16,636.78,573.76,Aigio_01
Kaberos ,C3 F2,1,Aigio,23/4/2023,Tarmac,cup,17,639.57,573.76,Aigio_01
Mavromat,C6 F2,1,Aigio,23/4/2023,Tarmac,cup,18,643.47,573.76,Aigio_01
Kouniaki,C6 F2,1,Aigio,23/4/2023,Tarmac,cup,19,645.52,573.76,Aigio_01
Komnos N,C5 F2,1,Aigio,23/4/2023,Tarmac,cup,20,645.61,573.76,Aigio_01
Zizas Ag,C5 F2,1,Aigio,23/4/2023,Tarmac,cup,21,652.34,573.76,Aigio_01
Rekkas P,C6 F2,1,Aigio,23/4/2023,Tarmac,cup,22,659.46,573.76,Aigio_01
Stafilop,4 2000+,1,Aigio,23/4/2023,Tarmac,cup,23,660.0,573.76,Aigio_01
Amaxopou,2 1600,1,Aigio,23/4/2023,Tarmac,cup,24,660.0,573.76,Aigio_01
Gerovass,4 2000,1,Aigio,23/4/2023,Tarmac,cup,25,660.0,573.76,Aigio_01
Kofinas ,4 2000+,1,Aigio,23/4/2023,Tarmac,cup,26,660.0,573.76,Aigio_01
Kyriakop,4 1600,1,Aigio,23/4/2023,Tarmac,cup,27,660.0,573.76,Aigio_01
Katsikas,3 2000,1,Aigio,23/4/2023,Tarmac,cup,28,660.0,573.76,Aigio_01
Papazogl,4 2000+,1,Aigio,23/4/2023,Tarmac,cup,29,660.0,573.76,Aigio_01
Tsiplant,3 1600,1,Aigio,23/4/2023,Tarmac,cup,30,660.0,573.76,Aigio_01
Kassidop,3 1600,1,Aigio,23/4/2023,Tarmac,cup,31,660.0,573.76,Aigio_01
Mitropou,2 2000,1,Aigio,23/4/2023,Tarmac,cup,32,660.0,573.76,Aigio_01
Lykakis ,2 2000,1,Aigio,23/4/2023,Tarmac,cup,33,660.0,573.76,Aigio_01
Kaberos ,C3 F2,1,Aigio,23/4/2023,Tarmac,cup,34,669.41,573.76,Aigio_01
Kandilio,C2,1,Aigio,23/4/2023,Tarmac,cup,35,678.67,573.76,Aigio_01
Karouzos,C4 F2,1,Aigio,23/4/2023,Tarmac,cup,36,686.06,573.76,Aigio_01
Zois Dim,C5 F2,1,Aigio,23/4/2023,Tarmac,cup,37,1152.05,573.76,Aigio_01
Koukeas ,C1,2,Aigio,23/4/2023,Tarmac,cup,1,580.53,580.53,Aigio_02
Gerodimo,C2,2,Aigio,23/4/2023,Tarmac,cup,2,581.85,580.53,Aigio_02
Nomikos ,C1,2,Aigio,23/4/2023,Tarmac,cup,3,595.82,580.53,Aigio_02
Karathan,C5 F2,2,Aigio,23/4/2023,Tarmac,cup,4,598.72,580.53,Aigio_02
Komnos N,C5 F2,2,Aigio,23/4/2023,Tarmac,cup,5,602.68,580.53,Aigio_02
Kandilio,C2,2,Aigio,23/4/2023,Tarmac,cup,6,605.59,580.53,Aigio_02
Stafilop,4 2000+,2,Aigio,23/4/2023,Tarmac,cup,7,607.49,580.53,Aigio_02
Kapralos,C3 F2,2,Aigio,23/4/2023,Tarmac,cup,8,612.05,580.53,Aigio_02
Kondilis,C5 F2,2,Aigio,23/4/2023,Tarmac,cup,9,612.98,580.53,Aigio_02
Katsarel,C3 F2,2,Aigio,23/4/2023,Tarmac,cup,10,619.96,580.53,Aigio_02
Daskalop,C2,2,Aigio,23/4/2023,Tarmac,cup,11,620.36,580.53,Aigio_02
Pantiera,C6 F2,2,Aigio,23/4/2023,Tarmac,cup,12,620.62,580.53,Aigio_02
Zois Dim,C5 F2,2,Aigio,23/4/2023,Tarmac,cup,13,621.92,580.53,Aigio_02
Tzikopou,C3 F2,2,Aigio,23/4/2023,Tarmac,cup,14,625.56,580.53,Aigio_02
Tiros Ni,C6 F2,2,Aigio,23/4/2023,Tarmac,cup,15,625.71,580.53,Aigio_02
Katsikas,3 2000,2,Aigio,23/4/2023,Tarmac,cup,16,629.83,580.53,Aigio_02
Pantelak,C3 F2,2,Aigio,23/4/2023,Tarmac,cup,17,635.68,580.53,Aigio_02
Kaberos ,C3 F2,2,Aigio,23/4/2023,Tarmac,cup,18,637.61,580.53,Aigio_02
Rekkas P,C6 F2,2,Aigio,23/4/2023,Tarmac,cup,19,638.06,580.53,Aigio_02
Kouniaki,C6 F2,2,Aigio,23/4/2023,Tarmac,cup,20,639.3,580.53,Aigio_02
Amaxopou,2 1600,2,Aigio,23/4/2023,Tarmac,cup,21,644.0,580.53,Aigio_02
Mavromat,C6 F2,2,Aigio,23/4/2023,Tarmac,cup,22,651.03,580.53,Aigio_02
Gerovass,4 2000,2,Aigio,23/4/2023,Tarmac,cup,23,651.21,580.53,Aigio_02
Kaberos ,C3 F2,2,Aigio,23/4/2023,Tarmac,cup,24,654.58,580.53,Aigio_02
Zizas Ag,C5 F2,2,Aigio,23/4/2023,Tarmac,cup,25,657.62,580.53,Aigio_02
Kyriakop,4 1600,2,Aigio,23/4/2023,Tarmac,cup,26,660.8,580.53,Aigio_02
Papazogl,4 2000+,2,Aigio,23/4/2023,Tarmac,cup,27,674.88,580.53,Aigio_02
Karouzos,C4 F2,2,Aigio,23/4/2023,Tarmac,cup,28,680.16,580.53,Aigio_02
Kopanaki,C4 F2,2,Aigio,23/4/2023,Tarmac,cup,29,693.58,580.53,Aigio_02
Kassidop,3 1600,2,Aigio,23/4/2023,Tarmac,cup,30,707.42,580.53,Aigio_02
Mitropou,2 2000,2,Aigio,23/4/2023,Tarmac,cup,31,753.43,580.53,Aigio_02
Kofinas ,4 2000+,2,Aigio,23/4/2023,Tarmac,cup,32,804.71,580.53,Aigio_02
Gerodimo,C2,1,Almiros,11/6/2023,Tarmac,cup,1,408.44,408.44,Almiros_01
Vlachos ,C2,1,Almiros,11/6/2023,Tarmac,cup,2,414.62,408.44,Almiros_01
Kampilis,C1,1,Almiros,11/6/2023,Tarmac,cup,3,414.86,408.44,Almiros_01
Stergiad,C5 F2,1,Almiros,11/6/2023,Tarmac,cup,4,421.7,408.44,Almiros_01
Michail ,C5 F2,1,Almiros,11/6/2023,Tarmac,cup,5,430.79,408.44,Almiros_01
Karathan,C5 F2,1,Almiros,11/6/2023,Tarmac,cup,6,431.58,408.44,Almiros_01
Vatsos N,C3 F2,1,Almiros,11/6/2023,Tarmac,cup,7,435.57,408.44,Almiros_01
Katsioni,C4 F2,1,Almiros,11/6/2023,Tarmac,cup,8,438.69,408.44,Almiros_01
Sotiriad,C2,1,Almiros,11/6/2023,Tarmac,cup,9,439.23,408.44,Almiros_01
Tzikopou,C3 F2,1,Almiros,11/6/2023,Tarmac,cup,10,444.62,408.44,Almiros_01
Katsarel,C3 F2,1,Almiros,11/6/2023,Tarmac,cup,11,447.19,408.44,Almiros_01
Panagiot,C2,1,Almiros,11/6/2023,Tarmac,cup,12,454.42,408.44,Almiros_01
Trichidi,C3 F2,1,Almiros,11/6/2023,Tarmac,cup,13,461.73,408.44,Almiros_01
Efthimia,C5 F2,1,Almiros,11/6/2023,Tarmac,cup,14,,408.44,Almiros_01
Figioris,C3 F2,1,Almiros,11/6/2023,Tarmac,cup,15,,408.44,Almiros_01
Diamanti,C4 F2,1,Almiros,11/6/2023,Tarmac,cup,16,,408.44,Almiros_01
Massiala,C6 F2,1,Almiros,11/6/2023,Tarmac,cup,17,,408.44,Almiros_01
Kehagias,C5 F2,1,Almiros,11/6/2023,Tarmac,cup,18,,408.44,Almiros_01
Anastasi,C5 F2,1,Almiros,11/6/2023,Tarmac,cup,19,,408.44,Almiros_01
Labrou A,C5 F2,1,Almiros,11/6/2023,Tarmac,cup,20,,408.44,Almiros_01
Koutsouk,C4 F2,1,Almiros,11/6/2023,Tarmac,cup,21,,408.44,Almiros_01
Theofani,C3 F2,1,Almiros,11/6/2023,Tarmac,cup,22,465.49,408.44,Almiros_01
Kampilis,C1,2,Almiros,11/6/2023,Tarmac,cup,1,201.09,201.09,Almiros_02
Vlachos ,C2,2,Almiros,11/6/2023,Tarmac,cup,2,203.41,201.09,Almiros_02
Karathan,C5 F2,2,Almiros,11/6/2023,Tarmac,cup,3,210.53,201.09,Almiros_02
Michail ,C5 F2,2,Almiros,11/6/2023,Tarmac,cup,4,210.57,201.09,Almiros_02
Stergiad,C5 F2,2,Almiros,11/6/2023,Tarmac,cup,5,211.07,201.09,Almiros_02
Katsioni,C4 F2,2,Almiros,11/6/2023,Tarmac,cup,6,211.7,201.09,Almiros_02
Vatsos N,C3 F2,2,Almiros,11/6/2023,Tarmac,cup,7,213.16,201.09,Almiros_02
Sotiriad,C2,2,Almiros,11/6/2023,Tarmac,cup,8,216.48,201.09,Almiros_02
Katsarel,C3 F2,2,Almiros,11/6/2023,Tarmac,cup,9,217.47,201.09,Almiros_02
Panagiot,C2,2,Almiros,11/6/2023,Tarmac,cup,10,220.63,201.09,Almiros_02
Tzikopou,C3 F2,2,Almiros,11/6/2023,Tarmac,cup,11,221.51,201.09,Almiros_02
Theofani,C3 F2,2,Almiros,11/6/2023,Tarmac,cup,12,226.66,201.09,Almiros_02
Massiala,C6 F2,2,Almiros,11/6/2023,Tarmac,cup,13,230.15,201.09,Almiros_02
Efthimia,C5 F2,2,Almiros,11/6/2023,Tarmac,cup,14,235.77,201.09,Almiros_02
Kehagias,C5 F2,2,Almiros,11/6/2023,Tarmac,cup,15,236.14,201.09,Almiros_02
Diamanti,C4 F2,2,Almiros,11/6/2023,Tarmac,cup,16,236.37,201.09,Almiros_02
Anastasi,C5 F2,2,Almiros,11/6/2023,Tarmac,cup,17,243.2,201.09,Almiros_02
Figioris,C3 F2,2,Almiros,11/6/2023,Tarmac,cup,18,246.93,201.09,Almiros_02
Koutsouk,C4 F2,2,Almiros,11/6/2023,Tarmac,cup,19,259.33,201.09,Almiros_02
Labrou A,C5 F2,2,Almiros,11/6/2023,Tarmac,cup,20,268.0,201.09,Almiros_02
Kampilis,C1,3,Almiros,11/6/2023,Tarmac,cup,1,407.03,407.03,Almiros_03
Vlachos ,C2,3,Almiros,11/6/2023,Tarmac,cup,2,420.44,407.03,Almiros_03
Stergiad,C5 F2,3,Almiros,11/6/2023,Tarmac,cup,3,420.56,407.03,Almiros_03
Michail ,C5 F2,3,Almiros,11/6/2023,Tarmac,cup,4,423.72,407.03,Almiros_03
Karathan,C5 F2,3,Almiros,11/6/2023,Tarmac,cup,5,423.76,407.03,Almiros_03
Sotiriad,C2,3,Almiros,11/6/2023,Tarmac,cup,6,429.76,407.03,Almiros_03
Katsioni,C4 F2,3,Almiros,11/6/2023,Tarmac,cup,7,434.1,407.03,Almiros_03
Katsarel,C3 F2,3,Almiros,11/6/2023,Tarmac,cup,8,436.22,407.03,Almiros_03
Panagiot,C2,3,Almiros,11/6/2023,Tarmac,cup,9,437.21,407.03,Almiros_03
Vatsos N,C3 F2,3,Almiros,11/6/2023,Tarmac,cup,10,438.49,407.03,Almiros_03
Tzikopou,C3 F2,3,Almiros,11/6/2023,Tarmac,cup,11,447.76,407.03,Almiros_03
Theofani,C3 F2,3,Almiros,11/6/2023,Tarmac,cup,12,453.99,407.03,Almiros_03
Massiala,C6 F2,3,Almiros,11/6/2023,Tarmac,cup,13,460.52,407.03,Almiros_03
Diamanti,C4 F2,3,Almiros,11/6/2023,Tarmac,cup,14,478.31,407.03,Almiros_03
Figioris,C3 F2,3,Almiros,11/6/2023,Tarmac,cup,15,480.08,407.03,Almiros_03
Anastasi,C5 F2,3,Almiros,11/6/2023,Tarmac,cup,16,482.29,407.03,Almiros_03
Kehagias,C5 F2,3,Almiros,11/6/2023,Tarmac,cup,17,485.92,407.03,Almiros_03
Efthimia,C5 F2,3,Almiros,11/6/2023,Tarmac,cup,18,486.24,407.03,Almiros_03
Labrou A,C5 F2,3,Almiros,11/6/2023,Tarmac,cup,19,500.21,407.03,Almiros_03
Kampilis,C1,4,Almiros,11/6/2023,Tarmac,cup,1,199.14,199.14,Almiros_04
Vlachos ,C2,4,Almiros,11/6/2023,Tarmac,cup,2,204.28,199.14,Almiros_04
Michail ,C5 F2,4,Almiros,11/6/2023,Tarmac,cup,3,207.02,199.14,Almiros_04
Karathan,C5 F2,4,Almiros,11/6/2023,Tarmac,cup,4,209.25,199.14,Almiros_04
Katsioni,C4 F2,4,Almiros,11/6/2023,Tarmac,cup,5,209.46,199.14,Almiros_04
Stergiad,C5 F2,4,Almiros,11/6/2023,Tarmac,cup,6,210.68,199.14,Almiros_04
Sotiriad,C2,4,Almiros,11/6/2023,Tarmac,cup,7,212.77,199.14,Almiros_04
Katsarel,C3 F2,4,Almiros,11/6/2023,Tarmac,cup,8,213.43,199.14,Almiros_04
Vatsos N,C3 F2,4,Almiros,11/6/2023,Tarmac,cup,9,213.97,199.14,Almiros_04
Panagiot,C2,4,Almiros,11/6/2023,Tarmac,cup,10,216.13,199.14,Almiros_04
Theofani,C3 F2,4,Almiros,11/6/2023,Tarmac,cup,11,219.92,199.14,Almiros_04
Tzikopou,C3 F2,4,Almiros,11/6/2023,Tarmac,cup,12,221.42,199.14,Almiros_04
Massiala,C6 F2,4,Almiros,11/6/2023,Tarmac,cup,13,230.7,199.14,Almiros_04
Diamanti,C4 F2,4,Almiros,11/6/2023,Tarmac,cup,14,231.02,199.14,Almiros_04
Efthimia,C5 F2,4,Almiros,11/6/2023,Tarmac,cup,15,231.03,199.14,Almiros_04
Kehagias,C5 F2,4,Almiros,11/6/2023,Tarmac,cup,16,236.11,199.14,Almiros_04
Anastasi,C5 F2,4,Almiros,11/6/2023,Tarmac,cup,17,238.64,199.14,Almiros_04
Figioris,C3 F2,4,Almiros,11/6/2023,Tarmac,cup,18,244.05,199.14,Almiros_04
Labrou A,C5 F2,4,Almiros,11/6/2023,Tarmac,cup,19,245.96,199.14,Almiros_04
Kampilis,C1,5,Almiros,11/6/2023,Tarmac,cup,1,201.96,201.96,Almiros_05
Vlachos ,C2,5,Almiros,11/6/2023,Tarmac,cup,2,205.37,201.96,Almiros_05
Michail ,C5 F2,5,Almiros,11/6/2023,Tarmac,cup,3,206.72,201.96,Almiros_05
Karathan,C5 F2,5,Almiros,11/6/2023,Tarmac,cup,4,208.4,201.96,Almiros_05
Stergiad,C5 F2,5,Almiros,11/6/2023,Tarmac,cup,5,210.95,201.96,Almiros_05
Katsioni,C4 F2,5,Almiros,11/6/2023,Tarmac,cup,6,211.44,201.96,Almiros_05
Sotiriad,C2,5,Almiros,11/6/2023,Tarmac,cup,7,211.93,201.96,Almiros_05
Vatsos N,C3 F2,5,Almiros,11/6/2023,Tarmac,cup,8,213.22,201.96,Almiros_05
Katsarel,C3 F2,5,Almiros,11/6/2023,Tarmac,cup,9,213.36,201.96,Almiros_05
Panagiot,C2,5,Almiros,11/6/2023,Tarmac,cup,10,218.01,201.96,Almiros_05
Theofani,C3 F2,5,Almiros,11/6/2023,Tarmac,cup,11,218.67,201.96,Almiros_05
Massiala,C6 F2,5,Almiros,11/6/2023,Tarmac,cup,12,221.83,201.96,Almiros_05
Tzikopou,C3 F2,5,Almiros,11/6/2023,Tarmac,cup,13,222.52,201.96,Almiros_05
Diamanti,C4 F2,5,Almiros,11/6/2023,Tarmac,cup,14,232.54,201.96,Almiros_05
Efthimia,C5 F2,5,Almiros,11/6/2023,Tarmac,cup,15,232.57,201.96,Almiros_05
Anastasi,C5 F2,5,Almiros,11/6/2023,Tarmac,cup,16,235.67,201.96,Almiros_05
Kehagias,C5 F2,5,Almiros,11/6/2023,Tarmac,cup,17,245.76,201.96,Almiros_05
Figioris,C3 F2,5,Almiros,11/6/2023,Tarmac,cup,18,251.01,201.96,Almiros_05
Labrou A,C5 F2,5,Almiros,11/6/2023,Tarmac,cup,19,267.03,201.96,Almiros_05
Tsouloft,C1,1,Boiotias,5/3/2023,Gravel,cup,1,460.9,460.9,Boiotias_01
Kehagias,C1,1,Boiotias,5/3/2023,Gravel,cup,2,484.41,460.9,Boiotias_01
Panteli ,C1,1,Boiotias,5/3/2023,Gravel,cup,3,501.38,460.9,Boiotias_01
Paradiss,C2,1,Boiotias,5/3/2023,Gravel,cup,4,511.62,460.9,Boiotias_01
Halivela,3 2000,1,Boiotias,5/3/2023,Gravel,cup,5,531.11,460.9,Boiotias_01
Eliopoul,C2,1,Boiotias,5/3/2023,Gravel,cup,6,535.28,460.9,Boiotias_01
Chatzima,C1,1,Boiotias,5/3/2023,Gravel,cup,7,538.36,460.9,Boiotias_01
Ismailos,C2,1,Boiotias,5/3/2023,Gravel,cup,8,541.84,460.9,Boiotias_01
Lefkadit,C3 F2,1,Boiotias,5/3/2023,Gravel,cup,9,544.39,460.9,Boiotias_01
Xanthako,C2,1,Boiotias,5/3/2023,Gravel,cup,10,556.18,460.9,Boiotias_01
Halkias ,4 1600,1,Boiotias,5/3/2023,Gravel,cup,11,556.37,460.9,Boiotias_01
Paradiss,3 2000,1,Boiotias,5/3/2023,Gravel,cup,12,564.72,460.9,Boiotias_01
Davaris ,C2,1,Boiotias,5/3/2023,Gravel,cup,13,571.96,460.9,Boiotias_01
Amaxopou,2 1600,1,Boiotias,5/3/2023,Gravel,cup,14,575.22,460.9,Boiotias_01
Sassos  ,C5 F2,1,Boiotias,5/3/2023,Gravel,cup,15,577.38,460.9,Boiotias_01
Agathokl,C3 F2,1,Boiotias,5/3/2023,Gravel,cup,16,579.04,460.9,Boiotias_01
Panoutso,C5 F2,1,Boiotias,5/3/2023,Gravel,cup,17,580.54,460.9,Boiotias_01
Georgako,4 1600,1,Boiotias,5/3/2023,Gravel,cup,18,583.84,460.9,Boiotias_01
Athanaso,C5 F2,1,Boiotias,5/3/2023,Gravel,cup,19,588.63,460.9,Boiotias_01
Papadimi,4 2000,1,Boiotias,5/3/2023,Gravel,cup,20,589.31,460.9,Boiotias_01
Vorrias ,T1,1,Boiotias,5/3/2023,Gravel,cup,21,589.38,460.9,Boiotias_01
Antoniou,C3 F2,1,Boiotias,5/3/2023,Gravel,cup,22,590.97,460.9,Boiotias_01
Stafilop,3 2000,1,Boiotias,5/3/2023,Gravel,cup,23,593.88,460.9,Boiotias_01
Tsakalos,C5 F2,1,Boiotias,5/3/2023,Gravel,cup,24,594.43,460.9,Boiotias_01
Simetra ,C2,1,Boiotias,5/3/2023,Gravel,cup,25,595.91,460.9,Boiotias_01
Berssis ,T1,1,Boiotias,5/3/2023,Gravel,cup,26,597.67,460.9,Boiotias_01
Basdelis,C3 F2,1,Boiotias,5/3/2023,Gravel,cup,27,600.64,460.9,Boiotias_01
Kyriakop,4 -1300,1,Boiotias,5/3/2023,Gravel,cup,28,604.04,460.9,Boiotias_01
Lymperis,C2,1,Boiotias,5/3/2023,Gravel,cup,29,605.25,460.9,Boiotias_01
Milonas ,C4 F2,1,Boiotias,5/3/2023,Gravel,cup,30,606.04,460.9,Boiotias_01
Giannako,C6 F2,1,Boiotias,5/3/2023,Gravel,cup,31,611.93,460.9,Boiotias_01
Chatziga,C3 F2,1,Boiotias,5/3/2023,Gravel,cup,32,612.12,460.9,Boiotias_01
Dimopoul,C4 F2,1,Boiotias,5/3/2023,Gravel,cup,33,617.2,460.9,Boiotias_01
Pierrout,4 -1300,1,Boiotias,5/3/2023,Gravel,cup,34,617.36,460.9,Boiotias_01
Englezos,C6 F2,1,Boiotias,5/3/2023,Gravel,cup,35,621.69,460.9,Boiotias_01
Nomikos ,4 -1300,1,Boiotias,5/3/2023,Gravel,cup,36,622.04,460.9,Boiotias_01
Agelis E,C6 F2,1,Boiotias,5/3/2023,Gravel,cup,37,623.05,460.9,Boiotias_01
Delaport,C5 F2,1,Boiotias,5/3/2023,Gravel,cup,38,630.71,460.9,Boiotias_01
Gazetas ,C6 F2,1,Boiotias,5/3/2023,Gravel,cup,39,636.39,460.9,Boiotias_01
Kalamara,C3 F2,1,Boiotias,5/3/2023,Gravel,cup,40,638.57,460.9,Boiotias_01
Lambrou ,1 -1300,1,Boiotias,5/3/2023,Gravel,cup,41,647.98,460.9,Boiotias_01
Melas D.,C2,1,Boiotias,5/3/2023,Gravel,cup,42,648.61,460.9,Boiotias_01
Pavli Ma,C6 F2,1,Boiotias,5/3/2023,Gravel,cup,43,650.79,460.9,Boiotias_01
Mitsias ,C3 F2,1,Boiotias,5/3/2023,Gravel,cup,44,654.46,460.9,Boiotias_01
Mavragan,C4 F2,1,Boiotias,5/3/2023,Gravel,cup,45,657.69,460.9,Boiotias_01
Karagrig,4 1600,1,Boiotias,5/3/2023,Gravel,cup,46,665.03,460.9,Boiotias_01
Kanellop,C5 F2,1,Boiotias,5/3/2023,Gravel,cup,47,668.81,460.9,Boiotias_01
Papadopo,C5 F2,1,Boiotias,5/3/2023,Gravel,cup,48,674.64,460.9,Boiotias_01
Kokkinos,C4 F2,1,Boiotias,5/3/2023,Gravel,cup,49,684.74,460.9,Boiotias_01
Vassilop,2 2000,1,Boiotias,5/3/2023,Gravel,cup,50,698.52,460.9,Boiotias_01
Kourtess,C6 F2,1,Boiotias,5/3/2023,Gravel,cup,51,701.56,460.9,Boiotias_01
Kotsopou,4 2000,1,Boiotias,5/3/2023,Gravel,cup,52,707.28,460.9,Boiotias_01
Kansos P,4 2000,1,Boiotias,5/3/2023,Gravel,cup,53,722.56,460.9,Boiotias_01
Gerodimo,C5 F2,1,Boiotias,5/3/2023,Gravel,cup,54,727.95,460.9,Boiotias_01
Velanis ,C1,1,Boiotias,5/3/2023,Gravel,cup,55,733.31,460.9,Boiotias_01
Mathios ,3 -1300,1,Boiotias,5/3/2023,Gravel,cup,56,857.15,460.9,Boiotias_01
Karotsie,C5 F2,1,Boiotias,5/3/2023,Gravel,cup,57,943.22,460.9,Boiotias_01
Tsouloft,C1,2,Boiotias,5/3/2023,Gravel,cup,1,325.78,325.78,Boiotias_02
Kehagias,C1,2,Boiotias,5/3/2023,Gravel,cup,2,336.61,325.78,Boiotias_02
Chatzima,C1,2,Boiotias,5/3/2023,Gravel,cup,3,348.87,325.78,Boiotias_02
Panteli ,C1,2,Boiotias,5/3/2023,Gravel,cup,4,359.46,325.78,Boiotias_02
Ismailos,C2,2,Boiotias,5/3/2023,Gravel,cup,5,366.45,325.78,Boiotias_02
Paradiss,C2,2,Boiotias,5/3/2023,Gravel,cup,6,371.22,325.78,Boiotias_02
Lefkadit,C3 F2,2,Boiotias,5/3/2023,Gravel,cup,7,379.13,325.78,Boiotias_02
Davaris ,C2,2,Boiotias,5/3/2023,Gravel,cup,8,408.64,325.78,Boiotias_02
Chatziga,C3 F2,2,Boiotias,5/3/2023,Gravel,cup,9,411.8,325.78,Boiotias_02
Tsakalos,C5 F2,2,Boiotias,5/3/2023,Gravel,cup,10,413.13,325.78,Boiotias_02
Sassos  ,C5 F2,2,Boiotias,5/3/2023,Gravel,cup,11,415.39,325.78,Boiotias_02
Stafilop,3 2000,2,Boiotias,5/3/2023,Gravel,cup,12,416.23,325.78,Boiotias_02
Panoutso,C5 F2,2,Boiotias,5/3/2023,Gravel,cup,13,418.71,325.78,Boiotias_02
Agathokl,C3 F2,2,Boiotias,5/3/2023,Gravel,cup,14,419.21,325.78,Boiotias_02
Xanthako,C2,2,Boiotias,5/3/2023,Gravel,cup,15,419.82,325.78,Boiotias_02
Milonas ,C4 F2,2,Boiotias,5/3/2023,Gravel,cup,16,420.16,325.78,Boiotias_02
Antoniou,C3 F2,2,Boiotias,5/3/2023,Gravel,cup,17,424.0,325.78,Boiotias_02
Karotsie,C5 F2,2,Boiotias,5/3/2023,Gravel,cup,18,426.15,325.78,Boiotias_02
Halivela,3 2000,2,Boiotias,5/3/2023,Gravel,cup,19,427.18,325.78,Boiotias_02
Simetra ,C2,2,Boiotias,5/3/2023,Gravel,cup,20,427.25,325.78,Boiotias_02
Halkias ,4 1600,2,Boiotias,5/3/2023,Gravel,cup,21,427.27,325.78,Boiotias_02
Athanaso,C5 F2,2,Boiotias,5/3/2023,Gravel,cup,22,428.64,325.78,Boiotias_02
Amaxopou,2 1600,2,Boiotias,5/3/2023,Gravel,cup,23,433.54,325.78,Boiotias_02
Gazetas ,C6 F2,2,Boiotias,5/3/2023,Gravel,cup,24,434.69,325.78,Boiotias_02
Kyriakop,4 -1300,2,Boiotias,5/3/2023,Gravel,cup,25,435.57,325.78,Boiotias_02
Kokkinos,C4 F2,2,Boiotias,5/3/2023,Gravel,cup,26,441.56,325.78,Boiotias_02
Paradiss,3 2000,2,Boiotias,5/3/2023,Gravel,cup,27,445.23,325.78,Boiotias_02
Agelis E,C6 F2,2,Boiotias,5/3/2023,Gravel,cup,28,449.79,325.78,Boiotias_02
Basdelis,C3 F2,2,Boiotias,5/3/2023,Gravel,cup,29,449.82,325.78,Boiotias_02
Papadimi,4 2000,2,Boiotias,5/3/2023,Gravel,cup,30,451.07,325.78,Boiotias_02
Nomikos ,4 -1300,2,Boiotias,5/3/2023,Gravel,cup,31,451.27,325.78,Boiotias_02
Mavragan,C4 F2,2,Boiotias,5/3/2023,Gravel,cup,32,452.03,325.78,Boiotias_02
Georgako,4 1600,2,Boiotias,5/3/2023,Gravel,cup,33,452.13,325.78,Boiotias_02
Lymperis,C2,2,Boiotias,5/3/2023,Gravel,cup,34,454.17,325.78,Boiotias_02
Kalamara,C3 F2,2,Boiotias,5/3/2023,Gravel,cup,35,455.08,325.78,Boiotias_02
Berssis ,T1,2,Boiotias,5/3/2023,Gravel,cup,36,457.84,325.78,Boiotias_02
Melas D.,C2,2,Boiotias,5/3/2023,Gravel,cup,37,459.51,325.78,Boiotias_02
Gerodimo,C5 F2,2,Boiotias,5/3/2023,Gravel,cup,38,462.96,325.78,Boiotias_02
Englezos,C6 F2,2,Boiotias,5/3/2023,Gravel,cup,39,462.99,325.78,Boiotias_02
Giannako,C6 F2,2,Boiotias,5/3/2023,Gravel,cup,40,467.65,325.78,Boiotias_02
Kourtess,C6 F2,2,Boiotias,5/3/2023,Gravel,cup,41,470.98,325.78,Boiotias_02
Kanellop,C5 F2,2,Boiotias,5/3/2023,Gravel,cup,42,471.29,325.78,Boiotias_02
Delaport,C5 F2,2,Boiotias,5/3/2023,Gravel,cup,43,472.97,325.78,Boiotias_02
Karagrig,4 1600,2,Boiotias,5/3/2023,Gravel,cup,44,474.36,325.78,Boiotias_02
Vorrias ,T1,2,Boiotias,5/3/2023,Gravel,cup,45,484.76,325.78,Boiotias_02
Kotsopou,4 2000,2,Boiotias,5/3/2023,Gravel,cup,46,491.08,325.78,Boiotias_02
Vassilop,2 2000,2,Boiotias,5/3/2023,Gravel,cup,47,495.15,325.78,Boiotias_02
Papadopo,C5 F2,2,Boiotias,5/3/2023,Gravel,cup,48,503.67,325.78,Boiotias_02
Lambrou ,1 -1300,2,Boiotias,5/3/2023,Gravel,cup,49,505.71,325.78,Boiotias_02
Mitsias ,C3 F2,2,Boiotias,5/3/2023,Gravel,cup,50,507.92,325.78,Boiotias_02
Mathios ,3 -1300,2,Boiotias,5/3/2023,Gravel,cup,51,608.55,325.78,Boiotias_02
Kehagias,C1,3,Boiotias,5/3/2023,Gravel,cup,1,448.75,448.75,Boiotias_03
Panteli ,C1,3,Boiotias,5/3/2023,Gravel,cup,2,476.42,448.75,Boiotias_03
Ismailos,C2,3,Boiotias,5/3/2023,Gravel,cup,3,487.13,448.75,Boiotias_03
Paradiss,C2,3,Boiotias,5/3/2023,Gravel,cup,4,495.75,448.75,Boiotias_03
Lefkadit,C3 F2,3,Boiotias,5/3/2023,Gravel,cup,5,510.37,448.75,Boiotias_03
Tsakalos,C5 F2,3,Boiotias,5/3/2023,Gravel,cup,6,522.22,448.75,Boiotias_03
Sassos  ,C5 F2,3,Boiotias,5/3/2023,Gravel,cup,7,523.59,448.75,Boiotias_03
Xanthako,C2,3,Boiotias,5/3/2023,Gravel,cup,8,526.08,448.75,Boiotias_03
Antoniou,C3 F2,3,Boiotias,5/3/2023,Gravel,cup,9,537.94,448.75,Boiotias_03
Agathokl,C3 F2,3,Boiotias,5/3/2023,Gravel,cup,10,540.4,448.75,Boiotias_03
Davaris ,C2,3,Boiotias,5/3/2023,Gravel,cup,11,542.15,448.75,Boiotias_03
Panoutso,C5 F2,3,Boiotias,5/3/2023,Gravel,cup,12,545.71,448.75,Boiotias_03
Simetra ,C2,3,Boiotias,5/3/2023,Gravel,cup,13,556.32,448.75,Boiotias_03
Lymperis,C2,3,Boiotias,5/3/2023,Gravel,cup,14,556.5,448.75,Boiotias_03
Vorrias ,T1,3,Boiotias,5/3/2023,Gravel,cup,15,561.1,448.75,Boiotias_03
Berssis ,T1,3,Boiotias,5/3/2023,Gravel,cup,16,561.9,448.75,Boiotias_03
Agelis E,C6 F2,3,Boiotias,5/3/2023,Gravel,cup,17,564.95,448.75,Boiotias_03
Delaport,C5 F2,3,Boiotias,5/3/2023,Gravel,cup,18,569.97,448.75,Boiotias_03
Halkias ,4 1600,3,Boiotias,5/3/2023,Gravel,cup,19,570.27,448.75,Boiotias_03
Basdelis,C3 F2,3,Boiotias,5/3/2023,Gravel,cup,20,575.4,448.75,Boiotias_03
Halivela,3 2000,3,Boiotias,5/3/2023,Gravel,cup,21,576.39,448.75,Boiotias_03
Englezos,C6 F2,3,Boiotias,5/3/2023,Gravel,cup,22,577.37,448.75,Boiotias_03
Chatziga,C3 F2,3,Boiotias,5/3/2023,Gravel,cup,23,577.49,448.75,Boiotias_03
Giannako,C6 F2,3,Boiotias,5/3/2023,Gravel,cup,24,579.86,448.75,Boiotias_03
Georgako,4 1600,3,Boiotias,5/3/2023,Gravel,cup,25,584.44,448.75,Boiotias_03
Amaxopou,2 1600,3,Boiotias,5/3/2023,Gravel,cup,26,585.99,448.75,Boiotias_03
Paradiss,3 2000,3,Boiotias,5/3/2023,Gravel,cup,27,589.28,448.75,Boiotias_03
Kyriakop,4 -1300,3,Boiotias,5/3/2023,Gravel,cup,28,591.66,448.75,Boiotias_03
Kalamara,C3 F2,3,Boiotias,5/3/2023,Gravel,cup,29,592.41,448.75,Boiotias_03
Papadimi,4 2000,3,Boiotias,5/3/2023,Gravel,cup,30,595.7,448.75,Boiotias_03
Gazetas ,C6 F2,3,Boiotias,5/3/2023,Gravel,cup,31,597.8,448.75,Boiotias_03
Nomikos ,4 -1300,3,Boiotias,5/3/2023,Gravel,cup,32,619.36,448.75,Boiotias_03
Stafilop,3 2000,3,Boiotias,5/3/2023,Gravel,cup,33,623.36,448.75,Boiotias_03
Gerodimo,C5 F2,3,Boiotias,5/3/2023,Gravel,cup,34,627.44,448.75,Boiotias_03
Karagrig,4 1600,3,Boiotias,5/3/2023,Gravel,cup,35,627.58,448.75,Boiotias_03
Mitsias ,C3 F2,3,Boiotias,5/3/2023,Gravel,cup,36,628.58,448.75,Boiotias_03
Papadopo,C5 F2,3,Boiotias,5/3/2023,Gravel,cup,37,632.97,448.75,Boiotias_03
Kanellop,C5 F2,3,Boiotias,5/3/2023,Gravel,cup,38,634.67,448.75,Boiotias_03
Kokkinos,C4 F2,3,Boiotias,5/3/2023,Gravel,cup,39,639.31,448.75,Boiotias_03
Kourtess,C6 F2,3,Boiotias,5/3/2023,Gravel,cup,40,642.76,448.75,Boiotias_03
Milonas ,C4 F2,3,Boiotias,5/3/2023,Gravel,cup,41,642.86,448.75,Boiotias_03
Karotsie,C5 F2,3,Boiotias,5/3/2023,Gravel,cup,42,645.3,448.75,Boiotias_03
Mavragan,C4 F2,3,Boiotias,5/3/2023,Gravel,cup,43,668.74,448.75,Boiotias_03
Vassilop,2 2000,3,Boiotias,5/3/2023,Gravel,cup,44,681.49,448.75,Boiotias_03
Kotsopou,4 2000,3,Boiotias,5/3/2023,Gravel,cup,45,712.54,448.75,Boiotias_03
Lambrou ,1 -1300,3,Boiotias,5/3/2023,Gravel,cup,46,714.91,448.75,Boiotias_03
Melas D.,C2,3,Boiotias,5/3/2023,Gravel,cup,47,744.6,448.75,Boiotias_03
Chatzima,C1,3,Boiotias,5/3/2023,Gravel,cup,48,868.99,448.75,Boiotias_03
Mathios ,3 -1300,3,Boiotias,5/3/2023,Gravel,cup,49,878.63,448.75,Boiotias_03
Kehagias,C1,4,Boiotias,5/3/2023,Gravel,cup,1,330.79,330.79,Boiotias_04
Chatzima,C1,4,Boiotias,5/3/2023,Gravel,cup,2,341.06,330.79,Boiotias_04
Panteli ,C1,4,Boiotias,5/3/2023,Gravel,cup,3,353.58,330.79,Boiotias_04
Paradiss,C2,4,Boiotias,5/3/2023,Gravel,cup,4,356.29,330.79,Boiotias_04
Ismailos,C2,4,Boiotias,5/3/2023,Gravel,cup,5,359.03,330.79,Boiotias_04
Lefkadit,C3 F2,4,Boiotias,5/3/2023,Gravel,cup,6,359.55,330.79,Boiotias_04
Xanthako,C2,4,Boiotias,5/3/2023,Gravel,cup,7,385.99,330.79,Boiotias_04
Sassos  ,C5 F2,4,Boiotias,5/3/2023,Gravel,cup,8,387.72,330.79,Boiotias_04
Tsakalos,C5 F2,4,Boiotias,5/3/2023,Gravel,cup,9,388.92,330.79,Boiotias_04
Davaris ,C2,4,Boiotias,5/3/2023,Gravel,cup,10,395.71,330.79,Boiotias_04
Antoniou,C3 F2,4,Boiotias,5/3/2023,Gravel,cup,11,396.01,330.79,Boiotias_04
Agathokl,C3 F2,4,Boiotias,5/3/2023,Gravel,cup,12,403.1,330.79,Boiotias_04
Karotsie,C5 F2,4,Boiotias,5/3/2023,Gravel,cup,13,405.74,330.79,Boiotias_04
Stafilop,3 2000,4,Boiotias,5/3/2023,Gravel,cup,14,406.12,330.79,Boiotias_04
Chatziga,C3 F2,4,Boiotias,5/3/2023,Gravel,cup,15,407.4,330.79,Boiotias_04
Simetra ,C2,4,Boiotias,5/3/2023,Gravel,cup,16,407.67,330.79,Boiotias_04
Vorrias ,T1,4,Boiotias,5/3/2023,Gravel,cup,17,413.36,330.79,Boiotias_04
Halivela,3 2000,4,Boiotias,5/3/2023,Gravel,cup,18,423.71,330.79,Boiotias_04
Gazetas ,C6 F2,4,Boiotias,5/3/2023,Gravel,cup,19,424.65,330.79,Boiotias_04
Milonas ,C4 F2,4,Boiotias,5/3/2023,Gravel,cup,20,425.11,330.79,Boiotias_04
Amaxopou,2 1600,4,Boiotias,5/3/2023,Gravel,cup,21,426.16,330.79,Boiotias_04
Paradiss,3 2000,4,Boiotias,5/3/2023,Gravel,cup,22,426.48,330.79,Boiotias_04
Halkias ,4 1600,4,Boiotias,5/3/2023,Gravel,cup,23,431.7,330.79,Boiotias_04
Lymperis,C2,4,Boiotias,5/3/2023,Gravel,cup,24,432.18,330.79,Boiotias_04
Gerodimo,C5 F2,4,Boiotias,5/3/2023,Gravel,cup,25,432.41,330.79,Boiotias_04
Delaport,C5 F2,4,Boiotias,5/3/2023,Gravel,cup,26,432.48,330.79,Boiotias_04
Basdelis,C3 F2,4,Boiotias,5/3/2023,Gravel,cup,27,433.22,330.79,Boiotias_04
Mavragan,C4 F2,4,Boiotias,5/3/2023,Gravel,cup,28,433.22,330.79,Boiotias_04
Kalamara,C3 F2,4,Boiotias,5/3/2023,Gravel,cup,29,434.53,330.79,Boiotias_04
Papadimi,4 2000,4,Boiotias,5/3/2023,Gravel,cup,30,435.02,330.79,Boiotias_04
Englezos,C6 F2,4,Boiotias,5/3/2023,Gravel,cup,31,435.57,330.79,Boiotias_04
Giannako,C6 F2,4,Boiotias,5/3/2023,Gravel,cup,32,435.82,330.79,Boiotias_04
Melas D.,C2,4,Boiotias,5/3/2023,Gravel,cup,33,440.62,330.79,Boiotias_04
Kyriakop,4 -1300,4,Boiotias,5/3/2023,Gravel,cup,34,442.41,330.79,Boiotias_04
Georgako,4 1600,4,Boiotias,5/3/2023,Gravel,cup,35,442.92,330.79,Boiotias_04
Kourtess,C6 F2,4,Boiotias,5/3/2023,Gravel,cup,36,446.92,330.79,Boiotias_04
Berssis ,T1,4,Boiotias,5/3/2023,Gravel,cup,37,455.36,330.79,Boiotias_04
Nomikos ,4 -1300,4,Boiotias,5/3/2023,Gravel,cup,38,459.13,330.79,Boiotias_04
Mitsias ,C3 F2,4,Boiotias,5/3/2023,Gravel,cup,39,462.27,330.79,Boiotias_04
Karagrig,4 1600,4,Boiotias,5/3/2023,Gravel,cup,40,468.72,330.79,Boiotias_04
Kanellop,C5 F2,4,Boiotias,5/3/2023,Gravel,cup,41,471.36,330.79,Boiotias_04
Kotsopou,4 2000,4,Boiotias,5/3/2023,Gravel,cup,42,474.84,330.79,Boiotias_04
Papadopo,C5 F2,4,Boiotias,5/3/2023,Gravel,cup,43,493.06,330.79,Boiotias_04
Kokkinos,C4 F2,4,Boiotias,5/3/2023,Gravel,cup,44,497.72,330.79,Boiotias_04
Vassilop,2 2000,4,Boiotias,5/3/2023,Gravel,cup,45,500.95,330.79,Boiotias_04
Mathios ,3 -1300,4,Boiotias,5/3/2023,Gravel,cup,46,633.05,330.79,Boiotias_04
Agelis E,C6 F2,4,Boiotias,5/3/2023,Gravel,cup,47,690.29,330.79,Boiotias_04
Tsolakid,C1,1,Deth,17/9/2023,Tarmac,Championship,1,633.48,633.48,Deth_01
Aligizak,C1,1,Deth,17/9/2023,Tarmac,Championship,2,644.91,633.48,Deth_01
Anapolio,C1,1,Deth,17/9/2023,Tarmac,Championship,3,645.55,633.48,Deth_01
Ieremiad,C1,1,Deth,17/9/2023,Tarmac,Championship,4,663.7,633.48,Deth_01
Brozos F,C3 F2,1,Deth,17/9/2023,Tarmac,Championship,5,682.49,633.48,Deth_01
Konstant,C3 F2,1,Deth,17/9/2023,Tarmac,Championship,6,682.99,633.48,Deth_01
Gerodimo,C2,1,Deth,17/9/2023,Tarmac,Championship,7,685.29,633.48,Deth_01
Moschos ,C3 F2,1,Deth,17/9/2023,Tarmac,Championship,8,688.4,633.48,Deth_01
Avgeropo,C4 F2,1,Deth,17/9/2023,Tarmac,Championship,9,689.15,633.48,Deth_01
Peroulak,C2,1,Deth,17/9/2023,Tarmac,Championship,10,690.61,633.48,Deth_01
Argiriou,C2,1,Deth,17/9/2023,Tarmac,Championship,11,693.75,633.48,Deth_01
Baxevana,C3 F2,1,Deth,17/9/2023,Tarmac,Championship,12,705.0,633.48,Deth_01
Sotiriad,C2,1,Deth,17/9/2023,Tarmac,Championship,13,709.93,633.48,Deth_01
Stergiad,C5 F2,1,Deth,17/9/2023,Tarmac,Championship,14,721.01,633.48,Deth_01
Katsioni,C4 F2,1,Deth,17/9/2023,Tarmac,Championship,15,724.75,633.48,Deth_01
Valavani,C3 F2,1,Deth,17/9/2023,Tarmac,Championship,16,724.87,633.48,Deth_01
Vatsos N,C3 F2,1,Deth,17/9/2023,Tarmac,Championship,17,730.72,633.48,Deth_01
Perakis ,C4 F2,1,Deth,17/9/2023,Tarmac,Championship,18,730.87,633.48,Deth_01
Avramidi,C6,1,Deth,17/9/2023,Tarmac,Championship,19,739.71,633.48,Deth_01
Skoulari,C3 F2,1,Deth,17/9/2023,Tarmac,Championship,20,744.37,633.48,Deth_01
Karagioz,C3 F2,1,Deth,17/9/2023,Tarmac,Championship,21,747.08,633.48,Deth_01
Anagnost,C4 F2,1,Deth,17/9/2023,Tarmac,Championship,22,748.79,633.48,Deth_01
Tsitsigi,C5 F2,1,Deth,17/9/2023,Tarmac,Championship,23,755.96,633.48,Deth_01
Tassos V,C2,1,Deth,17/9/2023,Tarmac,Championship,24,763.33,633.48,Deth_01
Maragaki,C6 F2,1,Deth,17/9/2023,Tarmac,Championship,25,768.91,633.48,Deth_01
Efthimia,C5 F2,1,Deth,17/9/2023,Tarmac,Championship,26,769.6,633.48,Deth_01
Massiala,C6 F2,1,Deth,17/9/2023,Tarmac,Championship,27,776.61,633.48,Deth_01
Pazis So,C6 F2,1,Deth,17/9/2023,Tarmac,Championship,28,784.68,633.48,Deth_01
Partalio,C3 F2,1,Deth,17/9/2023,Tarmac,Championship,29,798.67,633.48,Deth_01
Manousko,C6 F2,1,Deth,17/9/2023,Tarmac,Championship,30,805.56,633.48,Deth_01
Rakitzis,C5 F2,1,Deth,17/9/2023,Tarmac,Championship,31,808.57,633.48,Deth_01
Karafill,C6 F2,1,Deth,17/9/2023,Tarmac,Championship,32,812.75,633.48,Deth_01
Angelidi,C3 F2,1,Deth,17/9/2023,Tarmac,Championship,33,818.41,633.48,Deth_01
Bais Gio,C6 F2,1,Deth,17/9/2023,Tarmac,Championship,34,831.14,633.48,Deth_01
Archange,C2,1,Deth,17/9/2023,Tarmac,Championship,35,880.78,633.48,Deth_01
Tsakirog,C3 F2,1,Deth,17/9/2023,Tarmac,Championship,36,886.68,633.48,Deth_01
Vezyris ,C6 F2,1,Deth,17/9/2023,Tarmac,Championship,37,921.26,633.48,Deth_01
Koukas S,C3 F2,1,Deth,17/9/2023,Tarmac,Championship,38,928.19,633.48,Deth_01
Anastass,C6 F2,1,Deth,17/9/2023,Tarmac,Championship,39,941.47,633.48,Deth_01
Koutsodi,C6 F2,1,Deth,17/9/2023,Tarmac,Championship,40,1031.28,633.48,Deth_01
Dimou Ge,C3 F2,1,Deth,17/9/2023,Tarmac,Championship,41,1691.04,633.48,Deth_01
Tsolakid,C1,2,Deth,17/9/2023,Tarmac,Championship,1,830.24,830.24,Deth_02
Anapolio,C1,2,Deth,17/9/2023,Tarmac,Championship,2,840.84,830.24,Deth_02
Aligizak,C1,2,Deth,17/9/2023,Tarmac,Championship,3,852.0,830.24,Deth_02
Ieremiad,C1,2,Deth,17/9/2023,Tarmac,Championship,4,878.67,830.24,Deth_02
Avgeropo,C4 F2,2,Deth,17/9/2023,Tarmac,Championship,5,882.23,830.24,Deth_02
Konstant,C3 F2,2,Deth,17/9/2023,Tarmac,Championship,6,887.57,830.24,Deth_02
Brozos F,C3 F2,2,Deth,17/9/2023,Tarmac,Championship,7,890.55,830.24,Deth_02
Argiriou,C2,2,Deth,17/9/2023,Tarmac,Championship,8,891.79,830.24,Deth_02
Moschos ,C3 F2,2,Deth,17/9/2023,Tarmac,Championship,9,892.67,830.24,Deth_02
Gerodimo,C2,2,Deth,17/9/2023,Tarmac,Championship,10,894.54,830.24,Deth_02
Peroulak,C2,2,Deth,17/9/2023,Tarmac,Championship,11,897.18,830.24,Deth_02
Sotiriad,C2,2,Deth,17/9/2023,Tarmac,Championship,12,919.72,830.24,Deth_02
Baxevana,C3 F2,2,Deth,17/9/2023,Tarmac,Championship,13,923.83,830.24,Deth_02
Stergiad,C5 F2,2,Deth,17/9/2023,Tarmac,Championship,14,928.52,830.24,Deth_02
Vatsos N,C3 F2,2,Deth,17/9/2023,Tarmac,Championship,15,938.49,830.24,Deth_02
Perakis ,C4 F2,2,Deth,17/9/2023,Tarmac,Championship,16,942.35,830.24,Deth_02
Valavani,C3 F2,2,Deth,17/9/2023,Tarmac,Championship,17,942.79,830.24,Deth_02
Katsioni,C4 F2,2,Deth,17/9/2023,Tarmac,Championship,18,961.69,830.24,Deth_02
Anagnost,C4 F2,2,Deth,17/9/2023,Tarmac,Championship,19,962.77,830.24,Deth_02
Skoulari,C3 F2,2,Deth,17/9/2023,Tarmac,Championship,20,973.93,830.24,Deth_02
Avramidi,C6,2,Deth,17/9/2023,Tarmac,Championship,21,976.03,830.24,Deth_02
Tassos V,C2,2,Deth,17/9/2023,Tarmac,Championship,22,978.5,830.24,Deth_02
Maragaki,C6 F2,2,Deth,17/9/2023,Tarmac,Championship,23,991.81,830.24,Deth_02
Tsitsigi,C5 F2,2,Deth,17/9/2023,Tarmac,Championship,24,998.81,830.24,Deth_02
Massiala,C6 F2,2,Deth,17/9/2023,Tarmac,Championship,25,1002.91,830.24,Deth_02
Karagioz,C3 F2,2,Deth,17/9/2023,Tarmac,Championship,26,1003.8,830.24,Deth_02
Manousko,C6 F2,2,Deth,17/9/2023,Tarmac,Championship,27,1015.49,830.24,Deth_02
Rakitzis,C5 F2,2,Deth,17/9/2023,Tarmac,Championship,28,1020.62,830.24,Deth_02
Partalio,C3 F2,2,Deth,17/9/2023,Tarmac,Championship,29,1025.99,830.24,Deth_02
Pazis So,C6 F2,2,Deth,17/9/2023,Tarmac,Championship,30,1038.89,830.24,Deth_02
Bais Gio,C6 F2,2,Deth,17/9/2023,Tarmac,Championship,31,1099.49,830.24,Deth_02
Koukas S,C3 F2,2,Deth,17/9/2023,Tarmac,Championship,32,1212.81,830.24,Deth_02
Vezyris ,C6 F2,2,Deth,17/9/2023,Tarmac,Championship,33,1213.49,830.24,Deth_02
Anastass,C6 F2,2,Deth,17/9/2023,Tarmac,Championship,34,1231.01,830.24,Deth_02
Tsakirog,C3 F2,2,Deth,17/9/2023,Tarmac,Championship,35,1574.26,830.24,Deth_02
Angelidi,C3 F2,2,Deth,17/9/2023,Tarmac,Championship,36,1594.23,830.24,Deth_02
Koutsodi,C6 F2,2,Deth,17/9/2023,Tarmac,Championship,37,2513.68,830.24,Deth_02
Tsolakid,C1,3,Deth,17/9/2023,Tarmac,Championship,1,635.88,635.88,Deth_03
Aligizak,C1,3,Deth,17/9/2023,Tarmac,Championship,2,641.91,635.88,Deth_03
Anapolio,C1,3,Deth,17/9/2023,Tarmac,Championship,3,642.46,635.88,Deth_03
Ieremiad,C1,3,Deth,17/9/2023,Tarmac,Championship,4,656.41,635.88,Deth_03
Brozos F,C3 F2,3,Deth,17/9/2023,Tarmac,Championship,5,674.54,635.88,Deth_03
Moschos ,C3 F2,3,Deth,17/9/2023,Tarmac,Championship,6,675.18,635.88,Deth_03
Avgeropo,C4 F2,3,Deth,17/9/2023,Tarmac,Championship,7,677.42,635.88,Deth_03
Peroulak,C2,3,Deth,17/9/2023,Tarmac,Championship,8,679.52,635.88,Deth_03
Gerodimo,C2,3,Deth,17/9/2023,Tarmac,Championship,9,681.15,635.88,Deth_03
Konstant,C3 F2,3,Deth,17/9/2023,Tarmac,Championship,10,684.97,635.88,Deth_03
Argiriou,C2,3,Deth,17/9/2023,Tarmac,Championship,11,689.32,635.88,Deth_03
Sotiriad,C2,3,Deth,17/9/2023,Tarmac,Championship,12,700.53,635.88,Deth_03
Baxevana,C3 F2,3,Deth,17/9/2023,Tarmac,Championship,13,711.67,635.88,Deth_03
Katsioni,C4 F2,3,Deth,17/9/2023,Tarmac,Championship,14,718.54,635.88,Deth_03
Stergiad,C5 F2,3,Deth,17/9/2023,Tarmac,Championship,15,721.28,635.88,Deth_03
Vatsos N,C3 F2,3,Deth,17/9/2023,Tarmac,Championship,16,723.26,635.88,Deth_03
Perakis ,C4 F2,3,Deth,17/9/2023,Tarmac,Championship,17,724.73,635.88,Deth_03
Koutsodi,C6 F2,3,Deth,17/9/2023,Tarmac,Championship,18,738.03,635.88,Deth_03
Anagnost,C4 F2,3,Deth,17/9/2023,Tarmac,Championship,19,741.03,635.88,Deth_03
Karagioz,C3 F2,3,Deth,17/9/2023,Tarmac,Championship,20,744.95,635.88,Deth_03
Avramidi,C6,3,Deth,17/9/2023,Tarmac,Championship,21,748.19,635.88,Deth_03
Tassos V,C2,3,Deth,17/9/2023,Tarmac,Championship,22,750.36,635.88,Deth_03
Maragaki,C6 F2,3,Deth,17/9/2023,Tarmac,Championship,23,758.73,635.88,Deth_03
Massiala,C6 F2,3,Deth,17/9/2023,Tarmac,Championship,24,779.68,635.88,Deth_03
Pazis So,C6 F2,3,Deth,17/9/2023,Tarmac,Championship,25,784.79,635.88,Deth_03
Partalio,C3 F2,3,Deth,17/9/2023,Tarmac,Championship,26,788.14,635.88,Deth_03
Manousko,C6 F2,3,Deth,17/9/2023,Tarmac,Championship,27,791.47,635.88,Deth_03
Rakitzis,C5 F2,3,Deth,17/9/2023,Tarmac,Championship,28,831.2,635.88,Deth_03
Bais Gio,C6 F2,3,Deth,17/9/2023,Tarmac,Championship,29,833.86,635.88,Deth_03
Tsakirog,C3 F2,3,Deth,17/9/2023,Tarmac,Championship,30,876.68,635.88,Deth_03
Vezyris ,C6 F2,3,Deth,17/9/2023,Tarmac,Championship,31,921.29,635.88,Deth_03
Koukas S,C3 F2,3,Deth,17/9/2023,Tarmac,Championship,32,923.61,635.88,Deth_03
Anastass,C6 F2,3,Deth,17/9/2023,Tarmac,Championship,33,924.62,635.88,Deth_03
Angelidi,C3 F2,3,Deth,17/9/2023,Tarmac,Championship,34,1039.3,635.88,Deth_03
Tsolakid,C1,4,Deth,17/9/2023,Tarmac,Championship,1,835.21,835.21,Deth_04
Anapolio,C1,4,Deth,17/9/2023,Tarmac,Championship,2,841.01,835.21,Deth_04
Aligizak,C1,4,Deth,17/9/2023,Tarmac,Championship,3,842.23,835.21,Deth_04
Ieremiad,C1,4,Deth,17/9/2023,Tarmac,Championship,4,861.68,835.21,Deth_04
Moschos ,C3 F2,4,Deth,17/9/2023,Tarmac,Championship,5,878.87,835.21,Deth_04
Argiriou,C2,4,Deth,17/9/2023,Tarmac,Championship,6,882.3,835.21,Deth_04
Brozos F,C3 F2,4,Deth,17/9/2023,Tarmac,Championship,7,885.35,835.21,Deth_04
Peroulak,C2,4,Deth,17/9/2023,Tarmac,Championship,8,886.04,835.21,Deth_04
Konstant,C3 F2,4,Deth,17/9/2023,Tarmac,Championship,9,890.55,835.21,Deth_04
Gerodimo,C2,4,Deth,17/9/2023,Tarmac,Championship,10,895.4,835.21,Deth_04
Sotiriad,C2,4,Deth,17/9/2023,Tarmac,Championship,11,916.65,835.21,Deth_04
Katsioni,C4 F2,4,Deth,17/9/2023,Tarmac,Championship,12,935.46,835.21,Deth_04
Stergiad,C5 F2,4,Deth,17/9/2023,Tarmac,Championship,13,935.6,835.21,Deth_04
Baxevana,C3 F2,4,Deth,17/9/2023,Tarmac,Championship,14,944.66,835.21,Deth_04
Perakis ,C4 F2,4,Deth,17/9/2023,Tarmac,Championship,15,945.57,835.21,Deth_04
Vatsos N,C3 F2,4,Deth,17/9/2023,Tarmac,Championship,16,947.24,835.21,Deth_04
Koutsodi,C6 F2,4,Deth,17/9/2023,Tarmac,Championship,17,947.33,835.21,Deth_04
Anagnost,C4 F2,4,Deth,17/9/2023,Tarmac,Championship,18,956.72,835.21,Deth_04
Tassos V,C2,4,Deth,17/9/2023,Tarmac,Championship,19,970.85,835.21,Deth_04
Karagioz,C3 F2,4,Deth,17/9/2023,Tarmac,Championship,20,985.6,835.21,Deth_04
Massiala,C6 F2,4,Deth,17/9/2023,Tarmac,Championship,21,1011.11,835.21,Deth_04
Pazis So,C6 F2,4,Deth,17/9/2023,Tarmac,Championship,22,1021.27,835.21,Deth_04
Manousko,C6 F2,4,Deth,17/9/2023,Tarmac,Championship,23,1023.89,835.21,Deth_04
Avramidi,C6,4,Deth,17/9/2023,Tarmac,Championship,24,1026.45,835.21,Deth_04
Partalio,C3 F2,4,Deth,17/9/2023,Tarmac,Championship,25,1036.19,835.21,Deth_04
Angelidi,C3 F2,4,Deth,17/9/2023,Tarmac,Championship,26,1088.03,835.21,Deth_04
Rakitzis,C5 F2,4,Deth,17/9/2023,Tarmac,Championship,27,1100.68,835.21,Deth_04
Tsakirog,C3 F2,4,Deth,17/9/2023,Tarmac,Championship,28,1199.75,835.21,Deth_04
Koukas S,C3 F2,4,Deth,17/9/2023,Tarmac,Championship,29,1222.5,835.21,Deth_04
Anastass,C6 F2,4,Deth,17/9/2023,Tarmac,Championship,30,1257.7,835.21,Deth_04
Vezyris ,C6 F2,4,Deth,17/9/2023,Tarmac,Championship,31,1258.03,835.21,Deth_04
Papadimi,C1,1,Fthinoporino,1/10/2023,Gravel,Championship,1,410.25,410.25,Fthinoporino_01
Kechagia,C1,1,Fthinoporino,1/10/2023,Gravel,Championship,2,419.42,410.25,Fthinoporino_01
Kirkos P,C2,1,Fthinoporino,1/10/2023,Gravel,Championship,3,438.35,410.25,Fthinoporino_01
Halkias ,C3,1,Fthinoporino,1/10/2023,Gravel,Championship,4,439.28,410.25,Fthinoporino_01
Ismailos,C2,1,Fthinoporino,1/10/2023,Gravel,Championship,5,451.8,410.25,Fthinoporino_01
Karaniko,C5 F2,1,Fthinoporino,1/10/2023,Gravel,Championship,6,454.79,410.25,Fthinoporino_01
Chatzima,C3 F2,1,Fthinoporino,1/10/2023,Gravel,Championship,7,455.76,410.25,Fthinoporino_01
Amoutzas,C3 F2,1,Fthinoporino,1/10/2023,Gravel,Championship,8,460.61,410.25,Fthinoporino_01
Delaport,C3,1,Fthinoporino,1/10/2023,Gravel,Championship,9,464.62,410.25,Fthinoporino_01
Theochar,C2,1,Fthinoporino,1/10/2023,Gravel,Championship,10,469.15,410.25,Fthinoporino_01
Davaris ,C2,1,Fthinoporino,1/10/2023,Gravel,Championship,11,483.44,410.25,Fthinoporino_01
Vigopoul,C5 F2,1,Fthinoporino,1/10/2023,Gravel,Championship,12,487.22,410.25,Fthinoporino_01
Milonas ,C4 F2,1,Fthinoporino,1/10/2023,Gravel,Championship,13,497.5,410.25,Fthinoporino_01
Ladias A,C2,1,Fthinoporino,1/10/2023,Gravel,Championship,14,503.84,410.25,Fthinoporino_01
Yfantis ,C3 F2,1,Fthinoporino,1/10/2023,Gravel,Championship,15,511.55,410.25,Fthinoporino_01
Kalamara,C5 F2,1,Fthinoporino,1/10/2023,Gravel,Championship,16,513.76,410.25,Fthinoporino_01
Giotis I,C4 F2,1,Fthinoporino,1/10/2023,Gravel,Championship,17,514.39,410.25,Fthinoporino_01
Stavropo,C6 F2,1,Fthinoporino,1/10/2023,Gravel,Championship,18,526.33,410.25,Fthinoporino_01
Sotiropo,C6 F2,1,Fthinoporino,1/10/2023,Gravel,Championship,19,527.3,410.25,Fthinoporino_01
Panagiot,C6 F2,1,Fthinoporino,1/10/2023,Gravel,Championship,20,535.84,410.25,Fthinoporino_01
Yiangou ,C2,1,Fthinoporino,1/10/2023,Gravel,Championship,21,550.85,410.25,Fthinoporino_01
Kaldis K,4,1,Fthinoporino,1/10/2023,Gravel,Championship,22,570.29,410.25,Fthinoporino_01
Rahoutis,C6 F2,1,Fthinoporino,1/10/2023,Gravel,Championship,23,573.06,410.25,Fthinoporino_01
Karataro,C4 F2,1,Fthinoporino,1/10/2023,Gravel,Championship,24,588.93,410.25,Fthinoporino_01
Andrikop,C5 F2,1,Fthinoporino,1/10/2023,Gravel,Championship,25,613.32,410.25,Fthinoporino_01
Kattis D,C6 F2,1,Fthinoporino,1/10/2023,Gravel,Championship,26,617.96,410.25,Fthinoporino_01
Batis Va,C6 F2,1,Fthinoporino,1/10/2023,Gravel,Championship,27,640.14,410.25,Fthinoporino_01
Papadimi,C1,2,Fthinoporino,1/10/2023,Gravel,Championship,1,895.27,895.27,Fthinoporino_02
Kechagia,C1,2,Fthinoporino,1/10/2023,Gravel,Championship,2,902.11,895.27,Fthinoporino_02
Kirkos P,C2,2,Fthinoporino,1/10/2023,Gravel,Championship,3,938.56,895.27,Fthinoporino_02
Halkias ,C3,2,Fthinoporino,1/10/2023,Gravel,Championship,4,956.73,895.27,Fthinoporino_02
Chatzima,C3 F2,2,Fthinoporino,1/10/2023,Gravel,Championship,5,965.78,895.27,Fthinoporino_02
Karaniko,C5 F2,2,Fthinoporino,1/10/2023,Gravel,Championship,6,974.3,895.27,Fthinoporino_02
Amoutzas,C3 F2,2,Fthinoporino,1/10/2023,Gravel,Championship,7,984.07,895.27,Fthinoporino_02
Delaport,C3,2,Fthinoporino,1/10/2023,Gravel,Championship,8,991.9,895.27,Fthinoporino_02
Theochar,C2,2,Fthinoporino,1/10/2023,Gravel,Championship,9,1021.87,895.27,Fthinoporino_02
Davaris ,C2,2,Fthinoporino,1/10/2023,Gravel,Championship,10,1061.81,895.27,Fthinoporino_02
Milonas ,C4 F2,2,Fthinoporino,1/10/2023,Gravel,Championship,11,1075.68,895.27,Fthinoporino_02
Giotis I,C4 F2,2,Fthinoporino,1/10/2023,Gravel,Championship,12,1085.34,895.27,Fthinoporino_02
Ladias A,C2,2,Fthinoporino,1/10/2023,Gravel,Championship,13,1085.59,895.27,Fthinoporino_02
Yfantis ,C3 F2,2,Fthinoporino,1/10/2023,Gravel,Championship,14,1098.9,895.27,Fthinoporino_02
Stavropo,C6 F2,2,Fthinoporino,1/10/2023,Gravel,Championship,15,1113.28,895.27,Fthinoporino_02
Sotiropo,C6 F2,2,Fthinoporino,1/10/2023,Gravel,Championship,16,1131.91,895.27,Fthinoporino_02
Yiangou ,C2,2,Fthinoporino,1/10/2023,Gravel,Championship,17,1157.88,895.27,Fthinoporino_02
Panagiot,C6 F2,2,Fthinoporino,1/10/2023,Gravel,Championship,18,1192.47,895.27,Fthinoporino_02
Rahoutis,C6 F2,2,Fthinoporino,1/10/2023,Gravel,Championship,19,1226.86,895.27,Fthinoporino_02
Kaldis K,4,2,Fthinoporino,1/10/2023,Gravel,Championship,20,1238.0,895.27,Fthinoporino_02
Batis Va,C6 F2,2,Fthinoporino,1/10/2023,Gravel,Championship,21,1271.84,895.27,Fthinoporino_02
Ismailos,C2,2,Fthinoporino,1/10/2023,Gravel,Championship,22,1296.57,895.27,Fthinoporino_02
Kattis D,C6 F2,2,Fthinoporino,1/10/2023,Gravel,Championship,23,1322.91,895.27,Fthinoporino_02
Andrikop,C5 F2,2,Fthinoporino,1/10/2023,Gravel,Championship,24,1363.4,895.27,Fthinoporino_02
Karataro,C4 F2,2,Fthinoporino,1/10/2023,Gravel,Championship,25,1378.08,895.27,Fthinoporino_02
Kalamara,C5 F2,2,Fthinoporino,1/10/2023,Gravel,Championship,26,1419.02,895.27,Fthinoporino_02
Vigopoul,C5 F2,2,Fthinoporino,1/10/2023,Gravel,Championship,27,1698.72,895.27,Fthinoporino_02
Papadimi,C1,3,Fthinoporino,1/10/2023,Gravel,Championship,1,401.81,401.81,Fthinoporino_03
Kechagia,C1,3,Fthinoporino,1/10/2023,Gravel,Championship,2,416.3,401.81,Fthinoporino_03
Kirkos P,C2,3,Fthinoporino,1/10/2023,Gravel,Championship,3,423.73,401.81,Fthinoporino_03
Ismailos,C2,3,Fthinoporino,1/10/2023,Gravel,Championship,4,437.07,401.81,Fthinoporino_03
Chatzima,C3 F2,3,Fthinoporino,1/10/2023,Gravel,Championship,5,446.05,401.81,Fthinoporino_03
Karaniko,C5 F2,3,Fthinoporino,1/10/2023,Gravel,Championship,6,449.16,401.81,Fthinoporino_03
Delaport,C3,3,Fthinoporino,1/10/2023,Gravel,Championship,7,462.56,401.81,Fthinoporino_03
Theochar,C2,3,Fthinoporino,1/10/2023,Gravel,Championship,8,464.34,401.81,Fthinoporino_03
Amoutzas,C3 F2,3,Fthinoporino,1/10/2023,Gravel,Championship,9,467.32,401.81,Fthinoporino_03
Davaris ,C2,3,Fthinoporino,1/10/2023,Gravel,Championship,10,483.6,401.81,Fthinoporino_03
Milonas ,C4 F2,3,Fthinoporino,1/10/2023,Gravel,Championship,11,488.4,401.81,Fthinoporino_03
Ladias A,C2,3,Fthinoporino,1/10/2023,Gravel,Championship,12,494.75,401.81,Fthinoporino_03
Giotis I,C4 F2,3,Fthinoporino,1/10/2023,Gravel,Championship,13,508.58,401.81,Fthinoporino_03
Yfantis ,C3 F2,3,Fthinoporino,1/10/2023,Gravel,Championship,14,508.9,401.81,Fthinoporino_03
Stavropo,C6 F2,3,Fthinoporino,1/10/2023,Gravel,Championship,15,520.18,401.81,Fthinoporino_03
Sotiropo,C6 F2,3,Fthinoporino,1/10/2023,Gravel,Championship,16,526.38,401.81,Fthinoporino_03
Panagiot,C6 F2,3,Fthinoporino,1/10/2023,Gravel,Championship,17,527.23,401.81,Fthinoporino_03
Yiangou ,C2,3,Fthinoporino,1/10/2023,Gravel,Championship,18,542.49,401.81,Fthinoporino_03
Rahoutis,C6 F2,3,Fthinoporino,1/10/2023,Gravel,Championship,19,552.99,401.81,Fthinoporino_03
Batis Va,C6 F2,3,Fthinoporino,1/10/2023,Gravel,Championship,20,570.82,401.81,Fthinoporino_03
Karataro,C4 F2,3,Fthinoporino,1/10/2023,Gravel,Championship,21,577.56,401.81,Fthinoporino_03
Kaldis K,4,3,Fthinoporino,1/10/2023,Gravel,Championship,22,578.88,401.81,Fthinoporino_03
Kattis D,C6 F2,3,Fthinoporino,1/10/2023,Gravel,Championship,23,594.2,401.81,Fthinoporino_03
Andrikop,C5 F2,3,Fthinoporino,1/10/2023,Gravel,Championship,24,597.18,401.81,Fthinoporino_03
Papadimi,C1,4,Fthinoporino,1/10/2023,Gravel,Championship,1,879.22,879.22,Fthinoporino_04
Kechagia,C1,4,Fthinoporino,1/10/2023,Gravel,Championship,2,903.24,879.22,Fthinoporino_04
Kirkos P,C2,4,Fthinoporino,1/10/2023,Gravel,Championship,3,928.75,879.22,Fthinoporino_04
Chatzima,C3 F2,4,Fthinoporino,1/10/2023,Gravel,Championship,4,958.66,879.22,Fthinoporino_04
Ismailos,C2,4,Fthinoporino,1/10/2023,Gravel,Championship,5,964.89,879.22,Fthinoporino_04
Amoutzas,C3 F2,4,Fthinoporino,1/10/2023,Gravel,Championship,6,971.66,879.22,Fthinoporino_04
Delaport,C3,4,Fthinoporino,1/10/2023,Gravel,Championship,7,1002.3,879.22,Fthinoporino_04
Theochar,C2,4,Fthinoporino,1/10/2023,Gravel,Championship,8,1040.07,879.22,Fthinoporino_04
Davaris ,C2,4,Fthinoporino,1/10/2023,Gravel,Championship,9,1074.11,879.22,Fthinoporino_04
Milonas ,C4 F2,4,Fthinoporino,1/10/2023,Gravel,Championship,10,1090.33,879.22,Fthinoporino_04
Ladias A,C2,4,Fthinoporino,1/10/2023,Gravel,Championship,11,1092.58,879.22,Fthinoporino_04
Yfantis ,C3 F2,4,Fthinoporino,1/10/2023,Gravel,Championship,12,1108.34,879.22,Fthinoporino_04
Stavropo,C6 F2,4,Fthinoporino,1/10/2023,Gravel,Championship,13,1114.58,879.22,Fthinoporino_04
Panagiot,C6 F2,4,Fthinoporino,1/10/2023,Gravel,Championship,14,1122.71,879.22,Fthinoporino_04
Yiangou ,C2,4,Fthinoporino,1/10/2023,Gravel,Championship,15,1141.9,879.22,Fthinoporino_04
Sotiropo,C6 F2,4,Fthinoporino,1/10/2023,Gravel,Championship,16,1170.22,879.22,Fthinoporino_04
Batis Va,C6 F2,4,Fthinoporino,1/10/2023,Gravel,Championship,17,1211.94,879.22,Fthinoporino_04
Rahoutis,C6 F2,4,Fthinoporino,1/10/2023,Gravel,Championship,18,1219.08,879.22,Fthinoporino_04
Karataro,C4 F2,4,Fthinoporino,1/10/2023,Gravel,Championship,19,1271.47,879.22,Fthinoporino_04
Andrikop,C5 F2,4,Fthinoporino,1/10/2023,Gravel,Championship,20,1304.18,879.22,Fthinoporino_04
Kattis D,C6 F2,4,Fthinoporino,1/10/2023,Gravel,Championship,21,1342.11,879.22,Fthinoporino_04
Giotis I,C4 F2,4,Fthinoporino,1/10/2023,Gravel,Championship,22,1642.91,879.22,Fthinoporino_04
Papadimi,C1,5,Fthinoporino,1/10/2023,Gravel,Championship,1,588.67,588.67,Fthinoporino_05
Kechagia,C1,5,Fthinoporino,1/10/2023,Gravel,Championship,2,600.71,588.67,Fthinoporino_05
Ismailos,C2,5,Fthinoporino,1/10/2023,Gravel,Championship,3,629.85,588.67,Fthinoporino_05
Chatzima,C3 F2,5,Fthinoporino,1/10/2023,Gravel,Championship,4,651.24,588.67,Fthinoporino_05
Amoutzas,C3 F2,5,Fthinoporino,1/10/2023,Gravel,Championship,5,654.3,588.67,Fthinoporino_05
Kirkos P,C2,5,Fthinoporino,1/10/2023,Gravel,Championship,6,655.36,588.67,Fthinoporino_05
Delaport,C3,5,Fthinoporino,1/10/2023,Gravel,Championship,7,666.56,588.67,Fthinoporino_05
Theochar,C2,5,Fthinoporino,1/10/2023,Gravel,Championship,8,693.6,588.67,Fthinoporino_05
Davaris ,C2,5,Fthinoporino,1/10/2023,Gravel,Championship,9,695.16,588.67,Fthinoporino_05
Ladias A,C2,5,Fthinoporino,1/10/2023,Gravel,Championship,10,722.88,588.67,Fthinoporino_05
Milonas ,C4 F2,5,Fthinoporino,1/10/2023,Gravel,Championship,11,729.01,588.67,Fthinoporino_05
Giotis I,C4 F2,5,Fthinoporino,1/10/2023,Gravel,Championship,12,731.83,588.67,Fthinoporino_05
Stavropo,C6 F2,5,Fthinoporino,1/10/2023,Gravel,Championship,13,744.28,588.67,Fthinoporino_05
Sotiropo,C6 F2,5,Fthinoporino,1/10/2023,Gravel,Championship,14,752.19,588.67,Fthinoporino_05
Yiangou ,C2,5,Fthinoporino,1/10/2023,Gravel,Championship,15,768.45,588.67,Fthinoporino_05
Rahoutis,C6 F2,5,Fthinoporino,1/10/2023,Gravel,Championship,16,808.13,588.67,Fthinoporino_05
Batis Va,C6 F2,5,Fthinoporino,1/10/2023,Gravel,Championship,17,837.19,588.67,Fthinoporino_05
Andrikop,C5 F2,5,Fthinoporino,1/10/2023,Gravel,Championship,18,867.0,588.67,Fthinoporino_05
Karataro,C4 F2,5,Fthinoporino,1/10/2023,Gravel,Championship,19,875.14,588.67,Fthinoporino_05
Yfantis ,C3 F2,5,Fthinoporino,1/10/2023,Gravel,Championship,20,878.54,588.67,Fthinoporino_05
Kattis D,C6 F2,5,Fthinoporino,1/10/2023,Gravel,Championship,21,889.74,588.67,Fthinoporino_05
Tsouloft,C1,1,Fthiotidas_G,2/7/2023,Gravel,Championship,1,702.34,702.34,Fthiotidas_G_01
Kehagias,C1,1,Fthiotidas_G,2/7/2023,Gravel,Championship,2,718.2,702.34,Fthiotidas_G_01
Philippe,C1,1,Fthiotidas_G,2/7/2023,Gravel,Championship,3,724.43,702.34,Fthiotidas_G_01
Kirkos P,C2,1,Fthiotidas_G,2/7/2023,Gravel,Championship,4,758.43,702.34,Fthiotidas_G_01
Karaniko,C5 F2,1,Fthiotidas_G,2/7/2023,Gravel,Championship,5,777.42,702.34,Fthiotidas_G_01
Badounas,C2,1,Fthiotidas_G,2/7/2023,Gravel,Championship,6,779.85,702.34,Fthiotidas_G_01
Chatzima,C3 F2,1,Fthiotidas_G,2/7/2023,Gravel,Championship,7,780.96,702.34,Fthiotidas_G_01
Ismailos,C2,1,Fthiotidas_G,2/7/2023,Gravel,Championship,8,782.57,702.34,Fthiotidas_G_01
Halkias ,C3,1,Fthiotidas_G,2/7/2023,Gravel,Championship,9,791.64,702.34,Fthiotidas_G_01
Angelov ,C1,1,Fthiotidas_G,2/7/2023,Gravel,Championship,10,795.36,702.34,Fthiotidas_G_01
Xanthako,C1,1,Fthiotidas_G,2/7/2023,Gravel,Championship,11,811.56,702.34,Fthiotidas_G_01
Flandy  ,C1,1,Fthiotidas_G,2/7/2023,Gravel,Championship,12,815.77,702.34,Fthiotidas_G_01
Theochar,C2,1,Fthiotidas_G,2/7/2023,Gravel,Championship,13,818.58,702.34,Fthiotidas_G_01
Panteli ,C5 F2,1,Fthiotidas_G,2/7/2023,Gravel,Championship,14,833.73,702.34,Fthiotidas_G_01
Antoniou,C3 F2,1,Fthiotidas_G,2/7/2023,Gravel,Championship,15,846.87,702.34,Fthiotidas_G_01
Tsakalos,C6 F2,1,Fthiotidas_G,2/7/2023,Gravel,Championship,16,853.1,702.34,Fthiotidas_G_01
Davaris ,C2,1,Fthiotidas_G,2/7/2023,Gravel,Championship,17,853.27,702.34,Fthiotidas_G_01
Roinioti,C3 F2,1,Fthiotidas_G,2/7/2023,Gravel,Championship,18,858.39,702.34,Fthiotidas_G_01
Milonas ,C4 F2,1,Fthiotidas_G,2/7/2023,Gravel,Championship,19,863.79,702.34,Fthiotidas_G_01
Vigopoul,C5 F2,1,Fthiotidas_G,2/7/2023,Gravel,Championship,20,873.59,702.34,Fthiotidas_G_01
Chatziga,C3 F2,1,Fthiotidas_G,2/7/2023,Gravel,Championship,21,874.71,702.34,Fthiotidas_G_01
Stavropo,C6 F2,1,Fthiotidas_G,2/7/2023,Gravel,Championship,22,883.3,702.34,Fthiotidas_G_01
Rigas Gi,C3 F2,1,Fthiotidas_G,2/7/2023,Gravel,Championship,23,895.96,702.34,Fthiotidas_G_01
Manousko,C6 F2,1,Fthiotidas_G,2/7/2023,Gravel,Championship,24,897.28,702.34,Fthiotidas_G_01
Giannako,C5 F2,1,Fthiotidas_G,2/7/2023,Gravel,Championship,25,899.52,702.34,Fthiotidas_G_01
Agelis E,C6 F2,1,Fthiotidas_G,2/7/2023,Gravel,Championship,26,904.36,702.34,Fthiotidas_G_01
Kalamara,C5 F2,1,Fthiotidas_G,2/7/2023,Gravel,Championship,27,936.92,702.34,Fthiotidas_G_01
Sotiropo,C6 F2,1,Fthiotidas_G,2/7/2023,Gravel,Championship,28,954.37,702.34,Fthiotidas_G_01
Moshopou,C6 F2,1,Fthiotidas_G,2/7/2023,Gravel,Championship,29,959.85,702.34,Fthiotidas_G_01
Koutsouk,C4 F2,1,Fthiotidas_G,2/7/2023,Gravel,Championship,30,981.56,702.34,Fthiotidas_G_01
Baxevana,C6,1,Fthiotidas_G,2/7/2023,Gravel,Championship,31,1007.96,702.34,Fthiotidas_G_01
Rahoutis,C6 F2,1,Fthiotidas_G,2/7/2023,Gravel,Championship,32,1023.85,702.34,Fthiotidas_G_01
Tzemos K,C2,1,Fthiotidas_G,2/7/2023,Gravel,Championship,33,1132.24,702.34,Fthiotidas_G_01
Laos Cos,C2,1,Fthiotidas_G,2/7/2023,Gravel,Championship,34,1385.53,702.34,Fthiotidas_G_01
Tsouloft,C1,2,Fthiotidas_G,2/7/2023,Gravel,Championship,1,1171.34,1171.34,Fthiotidas_G_02
Kehagias,C1,2,Fthiotidas_G,2/7/2023,Gravel,Championship,2,1207.4,1171.34,Fthiotidas_G_02
Philippe,C1,2,Fthiotidas_G,2/7/2023,Gravel,Championship,3,1211.22,1171.34,Fthiotidas_G_02
Kirkos P,C2,2,Fthiotidas_G,2/7/2023,Gravel,Championship,4,1248.59,1171.34,Fthiotidas_G_02
Halkias ,C3,2,Fthiotidas_G,2/7/2023,Gravel,Championship,5,1275.84,1171.34,Fthiotidas_G_02
Xanthako,C1,2,Fthiotidas_G,2/7/2023,Gravel,Championship,6,1301.98,1171.34,Fthiotidas_G_02
Badounas,C2,2,Fthiotidas_G,2/7/2023,Gravel,Championship,7,1303.07,1171.34,Fthiotidas_G_02
Chatzima,C3 F2,2,Fthiotidas_G,2/7/2023,Gravel,Championship,8,1303.12,1171.34,Fthiotidas_G_02
Ismailos,C2,2,Fthiotidas_G,2/7/2023,Gravel,Championship,9,1304.45,1171.34,Fthiotidas_G_02
Karaniko,C5 F2,2,Fthiotidas_G,2/7/2023,Gravel,Championship,10,1309.18,1171.34,Fthiotidas_G_02
Angelov ,C1,2,Fthiotidas_G,2/7/2023,Gravel,Championship,11,1320.26,1171.34,Fthiotidas_G_02
Flandy  ,C1,2,Fthiotidas_G,2/7/2023,Gravel,Championship,12,1335.79,1171.34,Fthiotidas_G_02
Panteli ,C5 F2,2,Fthiotidas_G,2/7/2023,Gravel,Championship,13,1340.29,1171.34,Fthiotidas_G_02
Theochar,C2,2,Fthiotidas_G,2/7/2023,Gravel,Championship,14,1355.72,1171.34,Fthiotidas_G_02
Laos Cos,C2,2,Fthiotidas_G,2/7/2023,Gravel,Championship,15,1358.43,1171.34,Fthiotidas_G_02
Tsakalos,C6 F2,2,Fthiotidas_G,2/7/2023,Gravel,Championship,16,1429.04,1171.34,Fthiotidas_G_02
Vigopoul,C5 F2,2,Fthiotidas_G,2/7/2023,Gravel,Championship,17,1432.65,1171.34,Fthiotidas_G_02
Giannako,C5 F2,2,Fthiotidas_G,2/7/2023,Gravel,Championship,18,1445.83,1171.34,Fthiotidas_G_02
Chatziga,C3 F2,2,Fthiotidas_G,2/7/2023,Gravel,Championship,19,1446.5,1171.34,Fthiotidas_G_02
Stavropo,C6 F2,2,Fthiotidas_G,2/7/2023,Gravel,Championship,20,1483.63,1171.34,Fthiotidas_G_02
Manousko,C6 F2,2,Fthiotidas_G,2/7/2023,Gravel,Championship,21,1484.53,1171.34,Fthiotidas_G_02
Agelis E,C6 F2,2,Fthiotidas_G,2/7/2023,Gravel,Championship,22,1491.36,1171.34,Fthiotidas_G_02
Sotiropo,C6 F2,2,Fthiotidas_G,2/7/2023,Gravel,Championship,23,1549.17,1171.34,Fthiotidas_G_02
Milonas ,C4 F2,2,Fthiotidas_G,2/7/2023,Gravel,Championship,24,1561.29,1171.34,Fthiotidas_G_02
Baxevana,C6,2,Fthiotidas_G,2/7/2023,Gravel,Championship,25,1571.19,1171.34,Fthiotidas_G_02
Moshopou,C6 F2,2,Fthiotidas_G,2/7/2023,Gravel,Championship,26,1572.2,1171.34,Fthiotidas_G_02
Rahoutis,C6 F2,2,Fthiotidas_G,2/7/2023,Gravel,Championship,27,1661.98,1171.34,Fthiotidas_G_02
Roinioti,C3 F2,2,Fthiotidas_G,2/7/2023,Gravel,Championship,28,1736.2,1171.34,Fthiotidas_G_02
Tsouloft,C1,3,Fthiotidas_G,2/7/2023,Gravel,Championship,1,694.7,694.7,Fthiotidas_G_03
Kehagias,C1,3,Fthiotidas_G,2/7/2023,Gravel,Championship,2,707.12,694.7,Fthiotidas_G_03
Kirkos P,C2,3,Fthiotidas_G,2/7/2023,Gravel,Championship,3,744.14,694.7,Fthiotidas_G_03
Chatzima,C3 F2,3,Fthiotidas_G,2/7/2023,Gravel,Championship,4,770.83,694.7,Fthiotidas_G_03
Angelov ,C1,3,Fthiotidas_G,2/7/2023,Gravel,Championship,5,775.1,694.7,Fthiotidas_G_03
Ismailos,C2,3,Fthiotidas_G,2/7/2023,Gravel,Championship,6,785.33,694.7,Fthiotidas_G_03
Karaniko,C5 F2,3,Fthiotidas_G,2/7/2023,Gravel,Championship,7,786.01,694.7,Fthiotidas_G_03
Xanthako,C1,3,Fthiotidas_G,2/7/2023,Gravel,Championship,8,788.02,694.7,Fthiotidas_G_03
Badounas,C2,3,Fthiotidas_G,2/7/2023,Gravel,Championship,9,791.58,694.7,Fthiotidas_G_03
Theochar,C2,3,Fthiotidas_G,2/7/2023,Gravel,Championship,10,815.75,694.7,Fthiotidas_G_03
Panteli ,C5 F2,3,Fthiotidas_G,2/7/2023,Gravel,Championship,11,822.1,694.7,Fthiotidas_G_03
Laos Cos,C2,3,Fthiotidas_G,2/7/2023,Gravel,Championship,12,824.26,694.7,Fthiotidas_G_03
Vigopoul,C5 F2,3,Fthiotidas_G,2/7/2023,Gravel,Championship,13,851.77,694.7,Fthiotidas_G_03
Roinioti,C3 F2,3,Fthiotidas_G,2/7/2023,Gravel,Championship,14,856.03,694.7,Fthiotidas_G_03
Tsakalos,C6 F2,3,Fthiotidas_G,2/7/2023,Gravel,Championship,15,876.46,694.7,Fthiotidas_G_03
Milonas ,C4 F2,3,Fthiotidas_G,2/7/2023,Gravel,Championship,16,886.11,694.7,Fthiotidas_G_03
Stavropo,C6 F2,3,Fthiotidas_G,2/7/2023,Gravel,Championship,17,887.94,694.7,Fthiotidas_G_03
Giannako,C5 F2,3,Fthiotidas_G,2/7/2023,Gravel,Championship,18,939.96,694.7,Fthiotidas_G_03
Sotiropo,C6 F2,3,Fthiotidas_G,2/7/2023,Gravel,Championship,19,953.93,694.7,Fthiotidas_G_03
Moshopou,C6 F2,3,Fthiotidas_G,2/7/2023,Gravel,Championship,20,954.95,694.7,Fthiotidas_G_03
Baxevana,C6,3,Fthiotidas_G,2/7/2023,Gravel,Championship,21,986.56,694.7,Fthiotidas_G_03
Halkias ,C3,3,Fthiotidas_G,2/7/2023,Gravel,Championship,22,1012.56,694.7,Fthiotidas_G_03
Agelis E,C6 F2,3,Fthiotidas_G,2/7/2023,Gravel,Championship,23,1024.88,694.7,Fthiotidas_G_03
Rahoutis,C6 F2,3,Fthiotidas_G,2/7/2023,Gravel,Championship,24,1053.08,694.7,Fthiotidas_G_03
Philippe,C1,3,Fthiotidas_G,2/7/2023,Gravel,Championship,25,1128.01,694.7,Fthiotidas_G_03
Manousko,C6 F2,3,Fthiotidas_G,2/7/2023,Gravel,Championship,26,1206.46,694.7,Fthiotidas_G_03
Tsouloft,C1,4,Fthiotidas_G,2/7/2023,Gravel,Championship,1,1161.76,1161.76,Fthiotidas_G_04
Kehagias,C1,4,Fthiotidas_G,2/7/2023,Gravel,Championship,2,1186.14,1161.76,Fthiotidas_G_04
Philippe,C1,4,Fthiotidas_G,2/7/2023,Gravel,Championship,3,1195.6,1161.76,Fthiotidas_G_04
Kirkos P,C2,4,Fthiotidas_G,2/7/2023,Gravel,Championship,4,1259.08,1161.76,Fthiotidas_G_04
Xanthako,C1,4,Fthiotidas_G,2/7/2023,Gravel,Championship,5,1271.86,1161.76,Fthiotidas_G_04
Karaniko,C5 F2,4,Fthiotidas_G,2/7/2023,Gravel,Championship,6,1281.9,1161.76,Fthiotidas_G_04
Badounas,C2,4,Fthiotidas_G,2/7/2023,Gravel,Championship,7,1285.76,1161.76,Fthiotidas_G_04
Chatzima,C3 F2,4,Fthiotidas_G,2/7/2023,Gravel,Championship,8,1298.4,1161.76,Fthiotidas_G_04
Ismailos,C2,4,Fthiotidas_G,2/7/2023,Gravel,Championship,9,1300.57,1161.76,Fthiotidas_G_04
Angelov ,C1,4,Fthiotidas_G,2/7/2023,Gravel,Championship,10,1301.85,1161.76,Fthiotidas_G_04
Laos Cos,C2,4,Fthiotidas_G,2/7/2023,Gravel,Championship,11,1362.08,1161.76,Fthiotidas_G_04
Panteli ,C5 F2,4,Fthiotidas_G,2/7/2023,Gravel,Championship,12,1367.08,1161.76,Fthiotidas_G_04
Milonas ,C4 F2,4,Fthiotidas_G,2/7/2023,Gravel,Championship,13,1402.81,1161.76,Fthiotidas_G_04
Vigopoul,C5 F2,4,Fthiotidas_G,2/7/2023,Gravel,Championship,14,1426.98,1161.76,Fthiotidas_G_04
Theochar,C2,4,Fthiotidas_G,2/7/2023,Gravel,Championship,15,1434.43,1161.76,Fthiotidas_G_04
Roinioti,C3 F2,4,Fthiotidas_G,2/7/2023,Gravel,Championship,16,1446.54,1161.76,Fthiotidas_G_04
Tsakalos,C6 F2,4,Fthiotidas_G,2/7/2023,Gravel,Championship,17,1469.28,1161.76,Fthiotidas_G_04
Manousko,C6 F2,4,Fthiotidas_G,2/7/2023,Gravel,Championship,18,1482.33,1161.76,Fthiotidas_G_04
Stavropo,C6 F2,4,Fthiotidas_G,2/7/2023,Gravel,Championship,19,1541.76,1161.76,Fthiotidas_G_04
Sotiropo,C6 F2,4,Fthiotidas_G,2/7/2023,Gravel,Championship,20,1555.13,1161.76,Fthiotidas_G_04
Moshopou,C6 F2,4,Fthiotidas_G,2/7/2023,Gravel,Championship,21,1581.79,1161.76,Fthiotidas_G_04
Baxevana,C6,4,Fthiotidas_G,2/7/2023,Gravel,Championship,22,1633.12,1161.76,Fthiotidas_G_04
Rahoutis,C6 F2,4,Fthiotidas_G,2/7/2023,Gravel,Championship,23,1894.56,1161.76,Fthiotidas_G_04
Anapolio,C1,1,Fthiotidas_T,1/7/2023,Tarmac,Championship,1,941.22,941.22,Fthiotidas_T_01
Papadimi,C1,1,Fthiotidas_T,1/7/2023,Tarmac,Championship,2,958.54,941.22,Fthiotidas_T_01
Aligizak,C1,1,Fthiotidas_T,1/7/2023,Tarmac,Championship,3,961.56,941.22,Fthiotidas_T_01
Kampilis,C1,1,Fthiotidas_T,1/7/2023,Tarmac,Championship,4,988.99,941.22,Fthiotidas_T_01
Koukeas ,C1,1,Fthiotidas_T,1/7/2023,Tarmac,Championship,5,989.01,941.22,Fthiotidas_T_01
Stafilop,4 2000+,1,Fthiotidas_T,1/7/2023,Tarmac,Championship,6,989.47,941.22,Fthiotidas_T_01
Moschos ,C3 F2,1,Fthiotidas_T,1/7/2023,Tarmac,Championship,7,991.37,941.22,Fthiotidas_T_01
Ktistaki,C3 F2,1,Fthiotidas_T,1/7/2023,Tarmac,Championship,8,992.08,941.22,Fthiotidas_T_01
Peroulak,C2,1,Fthiotidas_T,1/7/2023,Tarmac,Championship,9,992.65,941.22,Fthiotidas_T_01
Argiriou,C2,1,Fthiotidas_T,1/7/2023,Tarmac,Championship,10,1001.02,941.22,Fthiotidas_T_01
Gerodimo,C2,1,Fthiotidas_T,1/7/2023,Tarmac,Championship,11,1003.56,941.22,Fthiotidas_T_01
Konstant,C3 F2,1,Fthiotidas_T,1/7/2023,Tarmac,Championship,12,1013.63,941.22,Fthiotidas_T_01
Mihos Di,C3 F2,1,Fthiotidas_T,1/7/2023,Tarmac,Championship,13,1017.89,941.22,Fthiotidas_T_01
Avgeropo,C4 F2,1,Fthiotidas_T,1/7/2023,Tarmac,Championship,14,1027.89,941.22,Fthiotidas_T_01
Stratiev,C3 F2,1,Fthiotidas_T,1/7/2023,Tarmac,Championship,15,1035.74,941.22,Fthiotidas_T_01
Titakis ,C3 F2,1,Fthiotidas_T,1/7/2023,Tarmac,Championship,16,1039.85,941.22,Fthiotidas_T_01
Michail ,C5 F2,1,Fthiotidas_T,1/7/2023,Tarmac,Championship,17,1050.37,941.22,Fthiotidas_T_01
Kazanas ,C2,1,Fthiotidas_T,1/7/2023,Tarmac,Championship,18,1062.83,941.22,Fthiotidas_T_01
Vergozis,C5 F2,1,Fthiotidas_T,1/7/2023,Tarmac,Championship,19,1064.71,941.22,Fthiotidas_T_01
Koutsodi,C6 F2,1,Fthiotidas_T,1/7/2023,Tarmac,Championship,20,1067.07,941.22,Fthiotidas_T_01
Nomikos ,C1,1,Fthiotidas_T,1/7/2023,Tarmac,Championship,21,1070.96,941.22,Fthiotidas_T_01
Stergiad,C5 F2,1,Fthiotidas_T,1/7/2023,Tarmac,Championship,22,1073.62,941.22,Fthiotidas_T_01
Baxevana,C3 F2,1,Fthiotidas_T,1/7/2023,Tarmac,Championship,23,1084.33,941.22,Fthiotidas_T_01
Vatsos N,C3 F2,1,Fthiotidas_T,1/7/2023,Tarmac,Championship,24,1092.5,941.22,Fthiotidas_T_01
Tsitsigi,C5 F2,1,Fthiotidas_T,1/7/2023,Tarmac,Championship,25,1105.57,941.22,Fthiotidas_T_01
Anagnost,C4 F2,1,Fthiotidas_T,1/7/2023,Tarmac,Championship,26,1119.65,941.22,Fthiotidas_T_01
Stamatak,C6 F2,1,Fthiotidas_T,1/7/2023,Tarmac,Championship,27,1123.68,941.22,Fthiotidas_T_01
Avramidi,C6 F2,1,Fthiotidas_T,1/7/2023,Tarmac,Championship,28,1124.27,941.22,Fthiotidas_T_01
Tomov Al,C6 F2,1,Fthiotidas_T,1/7/2023,Tarmac,Championship,29,1125.49,941.22,Fthiotidas_T_01
Kougias ,C3 F2,1,Fthiotidas_T,1/7/2023,Tarmac,Championship,30,1127.99,941.22,Fthiotidas_T_01
Massiala,C6 F2,1,Fthiotidas_T,1/7/2023,Tarmac,Championship,31,1131.32,941.22,Fthiotidas_T_01
Manousko,C6 F2,1,Fthiotidas_T,1/7/2023,Tarmac,Championship,32,1133.94,941.22,Fthiotidas_T_01
Michos I,C5 F2,1,Fthiotidas_T,1/7/2023,Tarmac,Championship,33,1135.39,941.22,Fthiotidas_T_01
Rocco Gi,4 2000+,1,Fthiotidas_T,1/7/2023,Tarmac,Championship,34,1153.86,941.22,Fthiotidas_T_01
Papazogl,4 2000+,1,Fthiotidas_T,1/7/2023,Tarmac,Championship,35,1155.81,941.22,Fthiotidas_T_01
Kyriakop,4 -1600,1,Fthiotidas_T,1/7/2023,Tarmac,Championship,36,1156.68,941.22,Fthiotidas_T_01
Diamanti,C4 F2,1,Fthiotidas_T,1/7/2023,Tarmac,Championship,37,1159.39,941.22,Fthiotidas_T_01
Karagioz,C3 F2,1,Fthiotidas_T,1/7/2023,Tarmac,Championship,38,1163.95,941.22,Fthiotidas_T_01
Papadimi,4 2000,1,Fthiotidas_T,1/7/2023,Tarmac,Championship,39,1166.16,941.22,Fthiotidas_T_01
Halivela,3 2000,1,Fthiotidas_T,1/7/2023,Tarmac,Championship,40,1168.29,941.22,Fthiotidas_T_01
Kofinas ,4 2000+,1,Fthiotidas_T,1/7/2023,Tarmac,Championship,41,1189.74,941.22,Fthiotidas_T_01
Amaxopou,2 -1600,1,Fthiotidas_T,1/7/2023,Tarmac,Championship,42,1195.24,941.22,Fthiotidas_T_01
Gavriili,4 2000+,1,Fthiotidas_T,1/7/2023,Tarmac,Championship,43,1195.6,941.22,Fthiotidas_T_01
Bandras ,C6 F2,1,Fthiotidas_T,1/7/2023,Tarmac,Championship,44,1209.6,941.22,Fthiotidas_T_01
Georgako,4 -1600,1,Fthiotidas_T,1/7/2023,Tarmac,Championship,45,1210.8,941.22,Fthiotidas_T_01
Lykakis ,2 -1600,1,Fthiotidas_T,1/7/2023,Tarmac,Championship,46,1257.41,941.22,Fthiotidas_T_01
Mitropou,2 2000,1,Fthiotidas_T,1/7/2023,Tarmac,Championship,47,1262.75,941.22,Fthiotidas_T_01
Nomikos ,4 -1600,1,Fthiotidas_T,1/7/2023,Tarmac,Championship,48,1309.3,941.22,Fthiotidas_T_01
Bistas I,C2,1,Fthiotidas_T,1/7/2023,Tarmac,Championship,49,1484.42,941.22,Fthiotidas_T_01
Polatsid,C5 F2,1,Fthiotidas_T,1/7/2023,Tarmac,Championship,50,1682.07,941.22,Fthiotidas_T_01
Anapolio,C1,2,Fthiotidas_T,1/7/2023,Tarmac,Championship,1,407.56,407.56,Fthiotidas_T_02
Aligizak,C1,2,Fthiotidas_T,1/7/2023,Tarmac,Championship,2,412.86,407.56,Fthiotidas_T_02
Papadimi,C1,2,Fthiotidas_T,1/7/2023,Tarmac,Championship,3,415.84,407.56,Fthiotidas_T_02
Peroulak,C2,2,Fthiotidas_T,1/7/2023,Tarmac,Championship,4,421.0,407.56,Fthiotidas_T_02
Koukeas ,C1,2,Fthiotidas_T,1/7/2023,Tarmac,Championship,5,421.56,407.56,Fthiotidas_T_02
Ktistaki,C3 F2,2,Fthiotidas_T,1/7/2023,Tarmac,Championship,6,423.8,407.56,Fthiotidas_T_02
Avgeropo,C4 F2,2,Fthiotidas_T,1/7/2023,Tarmac,Championship,7,427.08,407.56,Fthiotidas_T_02
Kampilis,C1,2,Fthiotidas_T,1/7/2023,Tarmac,Championship,8,433.18,407.56,Fthiotidas_T_02
Argiriou,C2,2,Fthiotidas_T,1/7/2023,Tarmac,Championship,9,433.4,407.56,Fthiotidas_T_02
Konstant,C3 F2,2,Fthiotidas_T,1/7/2023,Tarmac,Championship,10,436.75,407.56,Fthiotidas_T_02
Mihos Di,C3 F2,2,Fthiotidas_T,1/7/2023,Tarmac,Championship,11,438.32,407.56,Fthiotidas_T_02
Gerodimo,C2,2,Fthiotidas_T,1/7/2023,Tarmac,Championship,12,438.97,407.56,Fthiotidas_T_02
Titakis ,C3 F2,2,Fthiotidas_T,1/7/2023,Tarmac,Championship,13,446.17,407.56,Fthiotidas_T_02
Stratiev,C3 F2,2,Fthiotidas_T,1/7/2023,Tarmac,Championship,14,451.08,407.56,Fthiotidas_T_02
Kazanas ,C2,2,Fthiotidas_T,1/7/2023,Tarmac,Championship,15,451.29,407.56,Fthiotidas_T_02
Stafilop,4 2000+,2,Fthiotidas_T,1/7/2023,Tarmac,Championship,16,451.42,407.56,Fthiotidas_T_02
Nomikos ,C1,2,Fthiotidas_T,1/7/2023,Tarmac,Championship,17,452.14,407.56,Fthiotidas_T_02
Michail ,C5 F2,2,Fthiotidas_T,1/7/2023,Tarmac,Championship,18,455.3,407.56,Fthiotidas_T_02
Bistas I,C2,2,Fthiotidas_T,1/7/2023,Tarmac,Championship,19,458.22,407.56,Fthiotidas_T_02
Vergozis,C5 F2,2,Fthiotidas_T,1/7/2023,Tarmac,Championship,20,463.33,407.56,Fthiotidas_T_02
Baxevana,C3 F2,2,Fthiotidas_T,1/7/2023,Tarmac,Championship,21,468.77,407.56,Fthiotidas_T_02
Massiala,C6 F2,2,Fthiotidas_T,1/7/2023,Tarmac,Championship,22,478.26,407.56,Fthiotidas_T_02
Stergiad,C5 F2,2,Fthiotidas_T,1/7/2023,Tarmac,Championship,23,479.43,407.56,Fthiotidas_T_02
Avramidi,C6 F2,2,Fthiotidas_T,1/7/2023,Tarmac,Championship,24,481.21,407.56,Fthiotidas_T_02
Kyriakop,4 -1600,2,Fthiotidas_T,1/7/2023,Tarmac,Championship,25,481.63,407.56,Fthiotidas_T_02
Tomov Al,C6 F2,2,Fthiotidas_T,1/7/2023,Tarmac,Championship,26,482.42,407.56,Fthiotidas_T_02
Tsitsigi,C5 F2,2,Fthiotidas_T,1/7/2023,Tarmac,Championship,27,482.52,407.56,Fthiotidas_T_02
Papazogl,4 2000+,2,Fthiotidas_T,1/7/2023,Tarmac,Championship,28,484.25,407.56,Fthiotidas_T_02
Manousko,C6 F2,2,Fthiotidas_T,1/7/2023,Tarmac,Championship,29,487.06,407.56,Fthiotidas_T_02
Amaxopou,2 -1600,2,Fthiotidas_T,1/7/2023,Tarmac,Championship,30,492.58,407.56,Fthiotidas_T_02
Rocco Gi,4 2000+,2,Fthiotidas_T,1/7/2023,Tarmac,Championship,31,493.26,407.56,Fthiotidas_T_02
Anagnost,C4 F2,2,Fthiotidas_T,1/7/2023,Tarmac,Championship,32,497.85,407.56,Fthiotidas_T_02
Michos I,C5 F2,2,Fthiotidas_T,1/7/2023,Tarmac,Championship,33,498.08,407.56,Fthiotidas_T_02
Papadimi,4 2000,2,Fthiotidas_T,1/7/2023,Tarmac,Championship,34,498.64,407.56,Fthiotidas_T_02
Kofinas ,4 2000+,2,Fthiotidas_T,1/7/2023,Tarmac,Championship,35,500.07,407.56,Fthiotidas_T_02
Halivela,3 2000,2,Fthiotidas_T,1/7/2023,Tarmac,Championship,36,500.46,407.56,Fthiotidas_T_02
Kougias ,C3 F2,2,Fthiotidas_T,1/7/2023,Tarmac,Championship,37,501.16,407.56,Fthiotidas_T_02
Gavriili,4 2000+,2,Fthiotidas_T,1/7/2023,Tarmac,Championship,38,503.07,407.56,Fthiotidas_T_02
Georgako,4 -1600,2,Fthiotidas_T,1/7/2023,Tarmac,Championship,39,503.85,407.56,Fthiotidas_T_02
Bandras ,C6 F2,2,Fthiotidas_T,1/7/2023,Tarmac,Championship,40,508.49,407.56,Fthiotidas_T_02
Diamanti,C4 F2,2,Fthiotidas_T,1/7/2023,Tarmac,Championship,41,512.66,407.56,Fthiotidas_T_02
Vatsos N,C3 F2,2,Fthiotidas_T,1/7/2023,Tarmac,Championship,42,519.36,407.56,Fthiotidas_T_02
Mitropou,2 2000,2,Fthiotidas_T,1/7/2023,Tarmac,Championship,43,531.46,407.56,Fthiotidas_T_02
Nomikos ,4 -1600,2,Fthiotidas_T,1/7/2023,Tarmac,Championship,44,534.38,407.56,Fthiotidas_T_02
Koutsodi,C6 F2,2,Fthiotidas_T,1/7/2023,Tarmac,Championship,45,542.25,407.56,Fthiotidas_T_02
Karagioz,C3 F2,2,Fthiotidas_T,1/7/2023,Tarmac,Championship,46,577.74,407.56,Fthiotidas_T_02
Polatsid,C5 F2,2,Fthiotidas_T,1/7/2023,Tarmac,Championship,47,591.64,407.56,Fthiotidas_T_02
Papadimi,C1,3,Fthiotidas_T,1/7/2023,Tarmac,Championship,1,941.2,941.2,Fthiotidas_T_03
Aligizak,C1,3,Fthiotidas_T,1/7/2023,Tarmac,Championship,2,947.01,941.2,Fthiotidas_T_03
Anapolio,C1,3,Fthiotidas_T,1/7/2023,Tarmac,Championship,3,947.88,941.2,Fthiotidas_T_03
Ktistaki,C3 F2,3,Fthiotidas_T,1/7/2023,Tarmac,Championship,4,993.25,941.2,Fthiotidas_T_03
Mihos Di,C3 F2,3,Fthiotidas_T,1/7/2023,Tarmac,Championship,5,996.0,941.2,Fthiotidas_T_03
Gerodimo,C2,3,Fthiotidas_T,1/7/2023,Tarmac,Championship,6,1000.25,941.2,Fthiotidas_T_03
Konstant,C3 F2,3,Fthiotidas_T,1/7/2023,Tarmac,Championship,7,1004.2,941.2,Fthiotidas_T_03
Avgeropo,C4 F2,3,Fthiotidas_T,1/7/2023,Tarmac,Championship,8,1026.02,941.2,Fthiotidas_T_03
Titakis ,C3 F2,3,Fthiotidas_T,1/7/2023,Tarmac,Championship,9,1035.35,941.2,Fthiotidas_T_03
Stafilop,4 2000+,3,Fthiotidas_T,1/7/2023,Tarmac,Championship,10,1040.87,941.2,Fthiotidas_T_03
Kazanas ,C2,3,Fthiotidas_T,1/7/2023,Tarmac,Championship,11,1048.28,941.2,Fthiotidas_T_03
Stergiad,C5 F2,3,Fthiotidas_T,1/7/2023,Tarmac,Championship,12,1053.97,941.2,Fthiotidas_T_03
Michail ,C5 F2,3,Fthiotidas_T,1/7/2023,Tarmac,Championship,13,1060.23,941.2,Fthiotidas_T_03
Stratiev,C3 F2,3,Fthiotidas_T,1/7/2023,Tarmac,Championship,14,1063.81,941.2,Fthiotidas_T_03
Vatsos N,C3 F2,3,Fthiotidas_T,1/7/2023,Tarmac,Championship,15,1066.95,941.2,Fthiotidas_T_03
Bistas I,C2,3,Fthiotidas_T,1/7/2023,Tarmac,Championship,16,1069.34,941.2,Fthiotidas_T_03
Vergozis,C5 F2,3,Fthiotidas_T,1/7/2023,Tarmac,Championship,17,1071.99,941.2,Fthiotidas_T_03
Baxevana,C3 F2,3,Fthiotidas_T,1/7/2023,Tarmac,Championship,18,1076.54,941.2,Fthiotidas_T_03
Tomov Al,C6 F2,3,Fthiotidas_T,1/7/2023,Tarmac,Championship,19,1104.13,941.2,Fthiotidas_T_03
Avramidi,C6 F2,3,Fthiotidas_T,1/7/2023,Tarmac,Championship,20,1118.33,941.2,Fthiotidas_T_03
Tsitsigi,C5 F2,3,Fthiotidas_T,1/7/2023,Tarmac,Championship,21,1122.73,941.2,Fthiotidas_T_03
Papazogl,4 2000+,3,Fthiotidas_T,1/7/2023,Tarmac,Championship,22,1136.88,941.2,Fthiotidas_T_03
Massiala,C6 F2,3,Fthiotidas_T,1/7/2023,Tarmac,Championship,23,1141.27,941.2,Fthiotidas_T_03
Michos I,C5 F2,3,Fthiotidas_T,1/7/2023,Tarmac,Championship,24,1146.3,941.2,Fthiotidas_T_03
Diamanti,C4 F2,3,Fthiotidas_T,1/7/2023,Tarmac,Championship,25,1150.09,941.2,Fthiotidas_T_03
Polatsid,C5 F2,3,Fthiotidas_T,1/7/2023,Tarmac,Championship,26,1152.35,941.2,Fthiotidas_T_03
Kyriakop,4 -1600,3,Fthiotidas_T,1/7/2023,Tarmac,Championship,27,1153.16,941.2,Fthiotidas_T_03
Manousko,C6 F2,3,Fthiotidas_T,1/7/2023,Tarmac,Championship,28,1156.9,941.2,Fthiotidas_T_03
Rocco Gi,4 2000+,3,Fthiotidas_T,1/7/2023,Tarmac,Championship,29,1157.77,941.2,Fthiotidas_T_03
Kougias ,C3 F2,3,Fthiotidas_T,1/7/2023,Tarmac,Championship,30,1166.41,941.2,Fthiotidas_T_03
Gavriili,4 2000+,3,Fthiotidas_T,1/7/2023,Tarmac,Championship,31,1167.88,941.2,Fthiotidas_T_03
Halivela,3 2000,3,Fthiotidas_T,1/7/2023,Tarmac,Championship,32,1168.57,941.2,Fthiotidas_T_03
Karagioz,C3 F2,3,Fthiotidas_T,1/7/2023,Tarmac,Championship,33,1174.23,941.2,Fthiotidas_T_03
Papadimi,4 2000,3,Fthiotidas_T,1/7/2023,Tarmac,Championship,34,1178.7,941.2,Fthiotidas_T_03
Amaxopou,2 -1600,3,Fthiotidas_T,1/7/2023,Tarmac,Championship,35,1179.27,941.2,Fthiotidas_T_03
Kofinas ,4 2000+,3,Fthiotidas_T,1/7/2023,Tarmac,Championship,36,1193.76,941.2,Fthiotidas_T_03
Georgako,4 -1600,3,Fthiotidas_T,1/7/2023,Tarmac,Championship,37,1207.79,941.2,Fthiotidas_T_03
Bandras ,C6 F2,3,Fthiotidas_T,1/7/2023,Tarmac,Championship,38,1258.58,941.2,Fthiotidas_T_03
Mitropou,2 2000,3,Fthiotidas_T,1/7/2023,Tarmac,Championship,39,1290.9,941.2,Fthiotidas_T_03
Nomikos ,4 -1600,3,Fthiotidas_T,1/7/2023,Tarmac,Championship,40,1307.68,941.2,Fthiotidas_T_03
Argiriou,C2,3,Fthiotidas_T,1/7/2023,Tarmac,Championship,41,1399.55,941.2,Fthiotidas_T_03
Anagnost,C4 F2,3,Fthiotidas_T,1/7/2023,Tarmac,Championship,42,1446.06,941.2,Fthiotidas_T_03
Koukeas ,C1,3,Fthiotidas_T,1/7/2023,Tarmac,Championship,43,2066.66,941.2,Fthiotidas_T_03
Papadimi,C1,4,Fthiotidas_T,1/7/2023,Tarmac,Championship,1,411.5,411.5,Fthiotidas_T_04
Anapolio,C1,4,Fthiotidas_T,1/7/2023,Tarmac,Championship,2,415.1,411.5,Fthiotidas_T_04
Avgeropo,C4 F2,4,Fthiotidas_T,1/7/2023,Tarmac,Championship,3,427.87,411.5,Fthiotidas_T_04
Mihos Di,C3 F2,4,Fthiotidas_T,1/7/2023,Tarmac,Championship,4,428.77,411.5,Fthiotidas_T_04
Koukeas ,C1,4,Fthiotidas_T,1/7/2023,Tarmac,Championship,5,429.04,411.5,Fthiotidas_T_04
Ktistaki,C3 F2,4,Fthiotidas_T,1/7/2023,Tarmac,Championship,6,430.72,411.5,Fthiotidas_T_04
Konstant,C3 F2,4,Fthiotidas_T,1/7/2023,Tarmac,Championship,7,432.14,411.5,Fthiotidas_T_04
Aligizak,C1,4,Fthiotidas_T,1/7/2023,Tarmac,Championship,8,434.13,411.5,Fthiotidas_T_04
Gerodimo,C2,4,Fthiotidas_T,1/7/2023,Tarmac,Championship,9,440.75,411.5,Fthiotidas_T_04
Vergozis,C5 F2,4,Fthiotidas_T,1/7/2023,Tarmac,Championship,10,451.84,411.5,Fthiotidas_T_04
Titakis ,C3 F2,4,Fthiotidas_T,1/7/2023,Tarmac,Championship,11,453.21,411.5,Fthiotidas_T_04
Bistas I,C2,4,Fthiotidas_T,1/7/2023,Tarmac,Championship,12,456.24,411.5,Fthiotidas_T_04
Stratiev,C3 F2,4,Fthiotidas_T,1/7/2023,Tarmac,Championship,13,462.22,411.5,Fthiotidas_T_04
Vatsos N,C3 F2,4,Fthiotidas_T,1/7/2023,Tarmac,Championship,14,463.09,411.5,Fthiotidas_T_04
Stergiad,C5 F2,4,Fthiotidas_T,1/7/2023,Tarmac,Championship,15,463.73,411.5,Fthiotidas_T_04
Kazanas ,C2,4,Fthiotidas_T,1/7/2023,Tarmac,Championship,16,465.81,411.5,Fthiotidas_T_04
Tomov Al,C6 F2,4,Fthiotidas_T,1/7/2023,Tarmac,Championship,17,468.72,411.5,Fthiotidas_T_04
Baxevana,C3 F2,4,Fthiotidas_T,1/7/2023,Tarmac,Championship,18,473.64,411.5,Fthiotidas_T_04
Avramidi,C6 F2,4,Fthiotidas_T,1/7/2023,Tarmac,Championship,19,474.62,411.5,Fthiotidas_T_04
Michail ,C5 F2,4,Fthiotidas_T,1/7/2023,Tarmac,Championship,20,474.95,411.5,Fthiotidas_T_04
Argiriou,C2,4,Fthiotidas_T,1/7/2023,Tarmac,Championship,21,478.44,411.5,Fthiotidas_T_04
Massiala,C6 F2,4,Fthiotidas_T,1/7/2023,Tarmac,Championship,22,478.51,411.5,Fthiotidas_T_04
Kyriakop,4 -1600,4,Fthiotidas_T,1/7/2023,Tarmac,Championship,23,479.17,411.5,Fthiotidas_T_04
Tsitsigi,C5 F2,4,Fthiotidas_T,1/7/2023,Tarmac,Championship,24,485.9,411.5,Fthiotidas_T_04
Polatsid,C5 F2,4,Fthiotidas_T,1/7/2023,Tarmac,Championship,25,486.7,411.5,Fthiotidas_T_04
Papazogl,4 2000+,4,Fthiotidas_T,1/7/2023,Tarmac,Championship,26,489.18,411.5,Fthiotidas_T_04
Amaxopou,2 -1600,4,Fthiotidas_T,1/7/2023,Tarmac,Championship,27,491.12,411.5,Fthiotidas_T_04
Papadimi,4 2000,4,Fthiotidas_T,1/7/2023,Tarmac,Championship,28,496.38,411.5,Fthiotidas_T_04
Karagioz,C3 F2,4,Fthiotidas_T,1/7/2023,Tarmac,Championship,29,501.39,411.5,Fthiotidas_T_04
Rocco Gi,4 2000+,4,Fthiotidas_T,1/7/2023,Tarmac,Championship,30,505.22,411.5,Fthiotidas_T_04
Kofinas ,4 2000+,4,Fthiotidas_T,1/7/2023,Tarmac,Championship,31,506.91,411.5,Fthiotidas_T_04
Halivela,3 2000,4,Fthiotidas_T,1/7/2023,Tarmac,Championship,32,507.55,411.5,Fthiotidas_T_04
Michos I,C5 F2,4,Fthiotidas_T,1/7/2023,Tarmac,Championship,33,510.24,411.5,Fthiotidas_T_04
Diamanti,C4 F2,4,Fthiotidas_T,1/7/2023,Tarmac,Championship,34,514.27,411.5,Fthiotidas_T_04
Bandras ,C6 F2,4,Fthiotidas_T,1/7/2023,Tarmac,Championship,35,515.89,411.5,Fthiotidas_T_04
Kougias ,C3 F2,4,Fthiotidas_T,1/7/2023,Tarmac,Championship,36,533.76,411.5,Fthiotidas_T_04
Nomikos ,4 -1600,4,Fthiotidas_T,1/7/2023,Tarmac,Championship,37,535.68,411.5,Fthiotidas_T_04
Gavriili,4 2000+,4,Fthiotidas_T,1/7/2023,Tarmac,Championship,38,544.81,411.5,Fthiotidas_T_04
Stafilop,4 2000+,4,Fthiotidas_T,1/7/2023,Tarmac,Championship,39,546.18,411.5,Fthiotidas_T_04
Georgako,4 -1600,4,Fthiotidas_T,1/7/2023,Tarmac,Championship,40,555.1,411.5,Fthiotidas_T_04
Mitropou,2 2000,4,Fthiotidas_T,1/7/2023,Tarmac,Championship,41,568.74,411.5,Fthiotidas_T_04
Manousko,C6 F2,4,Fthiotidas_T,1/7/2023,Tarmac,Championship,42,656.45,411.5,Fthiotidas_T_04
Anagnost,C4 F2,4,Fthiotidas_T,1/7/2023,Tarmac,Championship,43,657.42,411.5,Fthiotidas_T_04
Papadimi,C1,1,Graikas,19/11/2023,Gravel,Cup,1,708.71,708.71,Graikas_01
Tsetsoni,C2,1,Graikas,19/11/2023,Gravel,Cup,2,753.2,708.71,Graikas_01
Zygogian,C2,1,Graikas,19/11/2023,Gravel,Cup,3,756.86,708.71,Graikas_01
Tsoulos ,C2,1,Graikas,19/11/2023,Gravel,Cup,4,758.28,708.71,Graikas_01
Lainopou,C2,1,Graikas,19/11/2023,Gravel,Cup,5,767.55,708.71,Graikas_01
Dimopoul,C4 F2,1,Graikas,19/11/2023,Gravel,Cup,6,780.1,708.71,Graikas_01
Stavropo,C6 F2,1,Graikas,19/11/2023,Gravel,Cup,7,785.51,708.71,Graikas_01
Kastis C,C5 F2,1,Graikas,19/11/2023,Gravel,Cup,8,793.48,708.71,Graikas_01
Davaris ,C2,1,Graikas,19/11/2023,Gravel,Cup,9,794.05,708.71,Graikas_01
Antoniou,C3 F2,1,Graikas,19/11/2023,Gravel,Cup,10,798.48,708.71,Graikas_01
Gazetas ,C6 F2,1,Graikas,19/11/2023,Gravel,Cup,11,799.52,708.71,Graikas_01
Anastass,C4 F2,1,Graikas,19/11/2023,Gravel,Cup,12,800.47,708.71,Graikas_01
Manetas ,C4 F2,1,Graikas,19/11/2023,Gravel,Cup,13,805.81,708.71,Graikas_01
Agathokl,C3 F2,1,Graikas,19/11/2023,Gravel,Cup,14,810.06,708.71,Graikas_01
Sotiropo,C6 F2,1,Graikas,19/11/2023,Gravel,Cup,15,832.5,708.71,Graikas_01
Pateas A,C6 F2,1,Graikas,19/11/2023,Gravel,Cup,16,840.82,708.71,Graikas_01
Karagoun,C3 F2,1,Graikas,19/11/2023,Gravel,Cup,17,866.49,708.71,Graikas_01
Katevas ,C6 F2,1,Graikas,19/11/2023,Gravel,Cup,18,880.36,708.71,Graikas_01
Likomitr,C3 F2,1,Graikas,19/11/2023,Gravel,Cup,19,881.26,708.71,Graikas_01
Englezos,C6 F2,1,Graikas,19/11/2023,Gravel,Cup,20,887.73,708.71,Graikas_01
Mantas P,C6 F2,1,Graikas,19/11/2023,Gravel,Cup,21,906.52,708.71,Graikas_01
Andrikop,C5 F2,1,Graikas,19/11/2023,Gravel,Cup,22,907.64,708.71,Graikas_01
Karouzos,C4 F2,1,Graikas,19/11/2023,Gravel,Cup,23,946.77,708.71,Graikas_01
Lathouri,C4 F2,1,Graikas,19/11/2023,Gravel,Cup,24,983.44,708.71,Graikas_01
Kokkinos,C6 F2,1,Graikas,19/11/2023,Gravel,Cup,25,1009.95,708.71,Graikas_01
Papadopo,C2,1,Graikas,19/11/2023,Gravel,Cup,26,1058.04,708.71,Graikas_01
Panoutso,C5 F2,1,Graikas,19/11/2023,Gravel,Cup,27,1087.67,708.71,Graikas_01
Vorrias ,T1,1,Graikas,19/11/2023,Gravel,Cup,28,1318.14,708.71,Graikas_01
Papadimi,C1,2,Graikas,19/11/2023,Gravel,Cup,1,701.23,701.23,Graikas_02
Lainopou,C2,2,Graikas,19/11/2023,Gravel,Cup,2,720.98,701.23,Graikas_02
Papadopo,C2,2,Graikas,19/11/2023,Gravel,Cup,3,743.64,701.23,Graikas_02
Tsoulos ,C2,2,Graikas,19/11/2023,Gravel,Cup,4,744.44,701.23,Graikas_02
Tsetsoni,C2,2,Graikas,19/11/2023,Gravel,Cup,5,752.91,701.23,Graikas_02
Zygogian,C2,2,Graikas,19/11/2023,Gravel,Cup,6,762.61,701.23,Graikas_02
Panoutso,C5 F2,2,Graikas,19/11/2023,Gravel,Cup,7,773.77,701.23,Graikas_02
Kastis C,C5 F2,2,Graikas,19/11/2023,Gravel,Cup,8,782.22,701.23,Graikas_02
Davaris ,C2,2,Graikas,19/11/2023,Gravel,Cup,9,791.38,701.23,Graikas_02
Stavropo,C6 F2,2,Graikas,19/11/2023,Gravel,Cup,10,792.23,701.23,Graikas_02
Anastass,C4 F2,2,Graikas,19/11/2023,Gravel,Cup,11,794.29,701.23,Graikas_02
Manetas ,C4 F2,2,Graikas,19/11/2023,Gravel,Cup,12,794.74,701.23,Graikas_02
Agathokl,C3 F2,2,Graikas,19/11/2023,Gravel,Cup,13,794.84,701.23,Graikas_02
Sotiropo,C6 F2,2,Graikas,19/11/2023,Gravel,Cup,14,801.89,701.23,Graikas_02
Antoniou,C3 F2,2,Graikas,19/11/2023,Gravel,Cup,15,803.06,701.23,Graikas_02
Gazetas ,C6 F2,2,Graikas,19/11/2023,Gravel,Cup,16,805.66,701.23,Graikas_02
Vorrias ,T1,2,Graikas,19/11/2023,Gravel,Cup,17,819.18,701.23,Graikas_02
Karagoun,C3 F2,2,Graikas,19/11/2023,Gravel,Cup,18,825.07,701.23,Graikas_02
Pateas A,C6 F2,2,Graikas,19/11/2023,Gravel,Cup,19,827.89,701.23,Graikas_02
Kokkinos,C6 F2,2,Graikas,19/11/2023,Gravel,Cup,20,846.02,701.23,Graikas_02
Katevas ,C6 F2,2,Graikas,19/11/2023,Gravel,Cup,21,854.9,701.23,Graikas_02
Englezos,C6 F2,2,Graikas,19/11/2023,Gravel,Cup,22,866.26,701.23,Graikas_02
Mantas P,C6 F2,2,Graikas,19/11/2023,Gravel,Cup,23,868.51,701.23,Graikas_02
Likomitr,C3 F2,2,Graikas,19/11/2023,Gravel,Cup,24,885.29,701.23,Graikas_02
Andrikop,C5 F2,2,Graikas,19/11/2023,Gravel,Cup,25,908.69,701.23,Graikas_02
Karouzos,C4 F2,2,Graikas,19/11/2023,Gravel,Cup,26,925.54,701.23,Graikas_02
Lathouri,C4 F2,2,Graikas,19/11/2023,Gravel,Cup,27,955.16,701.23,Graikas_02
Lainopou,C2,3,Graikas,19/11/2023,Gravel,Cup,1,726.29,726.29,Graikas_03
Papadimi,C1,3,Graikas,19/11/2023,Gravel,Cup,2,731.16,726.29,Graikas_03
Papadopo,C2,3,Graikas,19/11/2023,Gravel,Cup,3,732.49,726.29,Graikas_03
Tsetsoni,C2,3,Graikas,19/11/2023,Gravel,Cup,4,748.02,726.29,Graikas_03
Tsoulos ,C2,3,Graikas,19/11/2023,Gravel,Cup,5,754.42,726.29,Graikas_03
Stavropo,C6 F2,3,Graikas,19/11/2023,Gravel,Cup,6,791.2,726.29,Graikas_03
Antoniou,C3 F2,3,Graikas,19/11/2023,Gravel,Cup,7,796.09,726.29,Graikas_03
Anastass,C4 F2,3,Graikas,19/11/2023,Gravel,Cup,8,798.79,726.29,Graikas_03
Kastis C,C5 F2,3,Graikas,19/11/2023,Gravel,Cup,9,801.96,726.29,Graikas_03
Davaris ,C2,3,Graikas,19/11/2023,Gravel,Cup,10,802.95,726.29,Graikas_03
Sotiropo,C6 F2,3,Graikas,19/11/2023,Gravel,Cup,11,807.8,726.29,Graikas_03
Agathokl,C3 F2,3,Graikas,19/11/2023,Gravel,Cup,12,813.28,726.29,Graikas_03
Gazetas ,C6 F2,3,Graikas,19/11/2023,Gravel,Cup,13,813.5,726.29,Graikas_03
Manetas ,C4 F2,3,Graikas,19/11/2023,Gravel,Cup,14,826.73,726.29,Graikas_03
Pateas A,C6 F2,3,Graikas,19/11/2023,Gravel,Cup,15,829.27,726.29,Graikas_03
Vorrias ,T1,3,Graikas,19/11/2023,Gravel,Cup,16,831.8,726.29,Graikas_03
Kokkinos,C6 F2,3,Graikas,19/11/2023,Gravel,Cup,17,843.37,726.29,Graikas_03
Katevas ,C6 F2,3,Graikas,19/11/2023,Gravel,Cup,18,863.55,726.29,Graikas_03
Zygogian,C2,3,Graikas,19/11/2023,Gravel,Cup,19,873.56,726.29,Graikas_03
Mantas P,C6 F2,3,Graikas,19/11/2023,Gravel,Cup,20,885.78,726.29,Graikas_03
Andrikop,C5 F2,3,Graikas,19/11/2023,Gravel,Cup,21,966.83,726.29,Graikas_03
Karouzos,C4 F2,3,Graikas,19/11/2023,Gravel,Cup,22,976.34,726.29,Graikas_03
Lathouri,C4 F2,3,Graikas,19/11/2023,Gravel,Cup,23,987.66,726.29,Graikas_03
Panoutso,C5 F2,3,Graikas,19/11/2023,Gravel,Cup,24,997.34,726.29,Graikas_03
Tsouloft,C1,1,Kentavros,14/5/2023,Tarmac,Championship,1,579.98,579.98,Kentavros_01
Peroulak,C2,1,Kentavros,14/5/2023,Tarmac,Championship,2,606.27,579.98,Kentavros_01
Ktistaki,C3 F2,1,Kentavros,14/5/2023,Tarmac,Championship,3,620.02,579.98,Kentavros_01
Korakas ,C2,1,Kentavros,14/5/2023,Tarmac,Championship,4,621.26,579.98,Kentavros_01
Gerodimo,C2,1,Kentavros,14/5/2023,Tarmac,Championship,5,623.98,579.98,Kentavros_01
Titakis ,C3 F2,1,Kentavros,14/5/2023,Tarmac,Championship,6,633.0,579.98,Kentavros_01
Karlioti,C5 F2,1,Kentavros,14/5/2023,Tarmac,Championship,7,633.41,579.98,Kentavros_01
Mihos Di,C3 F2,1,Kentavros,14/5/2023,Tarmac,Championship,8,633.82,579.98,Kentavros_01
Moschos ,C3 F2,1,Kentavros,14/5/2023,Tarmac,Championship,9,635.75,579.98,Kentavros_01
Argiriou,C2,1,Kentavros,14/5/2023,Tarmac,Championship,10,636.79,579.98,Kentavros_01
Vergozis,C5 F2,1,Kentavros,14/5/2023,Tarmac,Championship,11,645.34,579.98,Kentavros_01
Stergiad,C5 F2,1,Kentavros,14/5/2023,Tarmac,Championship,12,645.74,579.98,Kentavros_01
Koutsodi,C6 F2,1,Kentavros,14/5/2023,Tarmac,Championship,13,647.4,579.98,Kentavros_01
Nomikos ,C1,1,Kentavros,14/5/2023,Tarmac,Championship,14,649.35,579.98,Kentavros_01
Komnos N,C5 F2,1,Kentavros,14/5/2023,Tarmac,Championship,15,649.92,579.98,Kentavros_01
Konstant,C3 F2,1,Kentavros,14/5/2023,Tarmac,Championship,16,650.18,579.98,Kentavros_01
Skoulari,C3 F2,1,Kentavros,14/5/2023,Tarmac,Championship,17,653.78,579.98,Kentavros_01
Vatsos N,C3 F2,1,Kentavros,14/5/2023,Tarmac,Championship,18,655.58,579.98,Kentavros_01
Perakis ,C4 F2,1,Kentavros,14/5/2023,Tarmac,Championship,19,655.6,579.98,Kentavros_01
Vastardi,C3 F2,1,Kentavros,14/5/2023,Tarmac,Championship,20,661.38,579.98,Kentavros_01
Tiros Ni,C6 F2,1,Kentavros,14/5/2023,Tarmac,Championship,21,662.52,579.98,Kentavros_01
Lakis A.,C3 F2,1,Kentavros,14/5/2023,Tarmac,Championship,22,663.83,579.98,Kentavros_01
Avramidi,C6 F2,1,Kentavros,14/5/2023,Tarmac,Championship,23,676.63,579.98,Kentavros_01
Giannoul,C5 F2,1,Kentavros,14/5/2023,Tarmac,Championship,24,684.02,579.98,Kentavros_01
Tsitsigi,C5 F2,1,Kentavros,14/5/2023,Tarmac,Championship,25,686.59,579.98,Kentavros_01
Anagnost,C4 F2,1,Kentavros,14/5/2023,Tarmac,Championship,26,689.51,579.98,Kentavros_01
Stamatak,C6 F2,1,Kentavros,14/5/2023,Tarmac,Championship,27,698.35,579.98,Kentavros_01
Xenokost,C3 F2,1,Kentavros,14/5/2023,Tarmac,Championship,28,699.35,579.98,Kentavros_01
Manousko,C6 F2,1,Kentavros,14/5/2023,Tarmac,Championship,29,702.05,579.98,Kentavros_01
Massiala,C6 F2,1,Kentavros,14/5/2023,Tarmac,Championship,30,705.55,579.98,Kentavros_01
Baxevana,C6 F2,1,Kentavros,14/5/2023,Tarmac,Championship,31,731.41,579.98,Kentavros_01
Figioris,C3 F2,1,Kentavros,14/5/2023,Tarmac,Championship,32,740.25,579.98,Kentavros_01
Anastasi,C5 F2,1,Kentavros,14/5/2023,Tarmac,Championship,33,745.36,579.98,Kentavros_01
Diamanti,C4 F2,1,Kentavros,14/5/2023,Tarmac,Championship,34,747.75,579.98,Kentavros_01
Kehagias,C5 F2,1,Kentavros,14/5/2023,Tarmac,Championship,35,785.5,579.98,Kentavros_01
Michail ,C5 F2,1,Kentavros,14/5/2023,Tarmac,Championship,36,,579.98,Kentavros_01
Mossios ,C6 F2,1,Kentavros,14/5/2023,Tarmac,Championship,37,,579.98,Kentavros_01
Tsouloft,C1,2,Kentavros,14/5/2023,Tarmac,Championship,1,361.75,361.75,Kentavros_02
Ktistaki,C3 F2,2,Kentavros,14/5/2023,Tarmac,Championship,2,379.51,361.75,Kentavros_02
Peroulak,C2,2,Kentavros,14/5/2023,Tarmac,Championship,3,381.22,361.75,Kentavros_02
Argiriou,C2,2,Kentavros,14/5/2023,Tarmac,Championship,4,385.34,361.75,Kentavros_02
Komnos N,C5 F2,2,Kentavros,14/5/2023,Tarmac,Championship,5,388.26,361.75,Kentavros_02
Moschos ,C3 F2,2,Kentavros,14/5/2023,Tarmac,Championship,6,390.85,361.75,Kentavros_02
Karlioti,C5 F2,2,Kentavros,14/5/2023,Tarmac,Championship,7,391.52,361.75,Kentavros_02
Gerodimo,C2,2,Kentavros,14/5/2023,Tarmac,Championship,8,391.67,361.75,Kentavros_02
Mihos Di,C3 F2,2,Kentavros,14/5/2023,Tarmac,Championship,9,392.03,361.75,Kentavros_02
Konstant,C3 F2,2,Kentavros,14/5/2023,Tarmac,Championship,10,398.16,361.75,Kentavros_02
Stergiad,C5 F2,2,Kentavros,14/5/2023,Tarmac,Championship,11,400.05,361.75,Kentavros_02
Vatsos N,C3 F2,2,Kentavros,14/5/2023,Tarmac,Championship,12,401.95,361.75,Kentavros_02
Korakas ,C2,2,Kentavros,14/5/2023,Tarmac,Championship,13,402.88,361.75,Kentavros_02
Vergozis,C5 F2,2,Kentavros,14/5/2023,Tarmac,Championship,14,405.02,361.75,Kentavros_02
Nomikos ,C1,2,Kentavros,14/5/2023,Tarmac,Championship,15,406.98,361.75,Kentavros_02
Perakis ,C4 F2,2,Kentavros,14/5/2023,Tarmac,Championship,16,409.54,361.75,Kentavros_02
Titakis ,C3 F2,2,Kentavros,14/5/2023,Tarmac,Championship,17,410.88,361.75,Kentavros_02
Koutsodi,C6 F2,2,Kentavros,14/5/2023,Tarmac,Championship,18,413.1,361.75,Kentavros_02
Lakis A.,C3 F2,2,Kentavros,14/5/2023,Tarmac,Championship,19,413.15,361.75,Kentavros_02
Tiros Ni,C6 F2,2,Kentavros,14/5/2023,Tarmac,Championship,20,416.22,361.75,Kentavros_02
Giannoul,C5 F2,2,Kentavros,14/5/2023,Tarmac,Championship,21,418.28,361.75,Kentavros_02
Avramidi,C6 F2,2,Kentavros,14/5/2023,Tarmac,Championship,22,419.6,361.75,Kentavros_02
Vastardi,C3 F2,2,Kentavros,14/5/2023,Tarmac,Championship,23,420.68,361.75,Kentavros_02
Anagnost,C4 F2,2,Kentavros,14/5/2023,Tarmac,Championship,24,429.11,361.75,Kentavros_02
Skoulari,C3 F2,2,Kentavros,14/5/2023,Tarmac,Championship,25,433.29,361.75,Kentavros_02
Massiala,C6 F2,2,Kentavros,14/5/2023,Tarmac,Championship,26,440.61,361.75,Kentavros_02
Xenokost,C3 F2,2,Kentavros,14/5/2023,Tarmac,Championship,27,449.37,361.75,Kentavros_02
Manousko,C6 F2,2,Kentavros,14/5/2023,Tarmac,Championship,28,453.39,361.75,Kentavros_02
Figioris,C3 F2,2,Kentavros,14/5/2023,Tarmac,Championship,29,458.18,361.75,Kentavros_02
Diamanti,C4 F2,2,Kentavros,14/5/2023,Tarmac,Championship,30,463.4,361.75,Kentavros_02
Baxevana,C6 F2,2,Kentavros,14/5/2023,Tarmac,Championship,31,484.92,361.75,Kentavros_02
Anastasi,C5 F2,2,Kentavros,14/5/2023,Tarmac,Championship,32,495.86,361.75,Kentavros_02
Kehagias,C5 F2,2,Kentavros,14/5/2023,Tarmac,Championship,33,503.03,361.75,Kentavros_02
Stamatak,C6 F2,2,Kentavros,14/5/2023,Tarmac,Championship,34,686.89,361.75,Kentavros_02
Michail ,C5 F2,2,Kentavros,14/5/2023,Tarmac,Championship,35,,361.75,Kentavros_02
Tsitsigi,C5 F2,2,Kentavros,14/5/2023,Tarmac,Championship,36,,361.75,Kentavros_02
Mossios ,C6 F2,2,Kentavros,14/5/2023,Tarmac,Championship,37,,361.75,Kentavros_02
Tsouloft,C1,3,Kentavros,14/5/2023,Tarmac,Championship,1,167.41,167.41,Kentavros_03
Ktistaki,C3 F2,3,Kentavros,14/5/2023,Tarmac,Championship,2,175.43,167.41,Kentavros_03
Gerodimo,C2,3,Kentavros,14/5/2023,Tarmac,Championship,3,177.26,167.41,Kentavros_03
Argiriou,C2,3,Kentavros,14/5/2023,Tarmac,Championship,4,177.36,167.41,Kentavros_03
Mihos Di,C3 F2,3,Kentavros,14/5/2023,Tarmac,Championship,5,178.24,167.41,Kentavros_03
Korakas ,C2,3,Kentavros,14/5/2023,Tarmac,Championship,6,178.86,167.41,Kentavros_03
Komnos N,C5 F2,3,Kentavros,14/5/2023,Tarmac,Championship,7,180.79,167.41,Kentavros_03
Karlioti,C5 F2,3,Kentavros,14/5/2023,Tarmac,Championship,8,182.36,167.41,Kentavros_03
Lakis A.,C3 F2,3,Kentavros,14/5/2023,Tarmac,Championship,9,183.98,167.41,Kentavros_03
Peroulak,C2,3,Kentavros,14/5/2023,Tarmac,Championship,10,184.7,167.41,Kentavros_03
Titakis ,C3 F2,3,Kentavros,14/5/2023,Tarmac,Championship,11,185.57,167.41,Kentavros_03
Stergiad,C5 F2,3,Kentavros,14/5/2023,Tarmac,Championship,12,185.9,167.41,Kentavros_03
Avramidi,C6 F2,3,Kentavros,14/5/2023,Tarmac,Championship,13,186.04,167.41,Kentavros_03
Skoulari,C3 F2,3,Kentavros,14/5/2023,Tarmac,Championship,14,186.34,167.41,Kentavros_03
Konstant,C3 F2,3,Kentavros,14/5/2023,Tarmac,Championship,15,186.59,167.41,Kentavros_03
Vatsos N,C3 F2,3,Kentavros,14/5/2023,Tarmac,Championship,16,186.61,167.41,Kentavros_03
Nomikos ,C1,3,Kentavros,14/5/2023,Tarmac,Championship,17,186.74,167.41,Kentavros_03
Perakis ,C4 F2,3,Kentavros,14/5/2023,Tarmac,Championship,18,188.11,167.41,Kentavros_03
Koutsodi,C6 F2,3,Kentavros,14/5/2023,Tarmac,Championship,19,189.23,167.41,Kentavros_03
Vergozis,C5 F2,3,Kentavros,14/5/2023,Tarmac,Championship,20,189.98,167.41,Kentavros_03
Vastardi,C3 F2,3,Kentavros,14/5/2023,Tarmac,Championship,21,192.87,167.41,Kentavros_03
Giannoul,C5 F2,3,Kentavros,14/5/2023,Tarmac,Championship,22,195.42,167.41,Kentavros_03
Anagnost,C4 F2,3,Kentavros,14/5/2023,Tarmac,Championship,23,196.25,167.41,Kentavros_03
Moschos ,C3 F2,3,Kentavros,14/5/2023,Tarmac,Championship,24,201.44,167.41,Kentavros_03
Massiala,C6 F2,3,Kentavros,14/5/2023,Tarmac,Championship,25,202.48,167.41,Kentavros_03
Xenokost,C3 F2,3,Kentavros,14/5/2023,Tarmac,Championship,26,204.53,167.41,Kentavros_03
Manousko,C6 F2,3,Kentavros,14/5/2023,Tarmac,Championship,27,209.25,167.41,Kentavros_03
Figioris,C3 F2,3,Kentavros,14/5/2023,Tarmac,Championship,28,212.32,167.41,Kentavros_03
Baxevana,C6 F2,3,Kentavros,14/5/2023,Tarmac,Championship,29,217.08,167.41,Kentavros_03
Diamanti,C4 F2,3,Kentavros,14/5/2023,Tarmac,Championship,30,217.39,167.41,Kentavros_03
Anastasi,C5 F2,3,Kentavros,14/5/2023,Tarmac,Championship,31,222.49,167.41,Kentavros_03
Tiros Ni,C6 F2,3,Kentavros,14/5/2023,Tarmac,Championship,32,244.75,167.41,Kentavros_03
Stamatak,C6 F2,3,Kentavros,14/5/2023,Tarmac,Championship,33,337.11,167.41,Kentavros_03
Michail ,C5 F2,3,Kentavros,14/5/2023,Tarmac,Championship,34,,167.41,Kentavros_03
Tsitsigi,C5 F2,3,Kentavros,14/5/2023,Tarmac,Championship,35,,167.41,Kentavros_03
Mossios ,C6 F2,3,Kentavros,14/5/2023,Tarmac,Championship,36,,167.41,Kentavros_03
Tsouloft,C1,4,Kentavros,14/5/2023,Tarmac,Championship,1,564.65,564.65,Kentavros_04
Peroulak,C2,4,Kentavros,14/5/2023,Tarmac,Championship,2,600.42,564.65,Kentavros_04
Ktistaki,C3 F2,4,Kentavros,14/5/2023,Tarmac,Championship,3,610.33,564.65,Kentavros_04
Argiriou,C2,4,Kentavros,14/5/2023,Tarmac,Championship,4,616.84,564.65,Kentavros_04
Gerodimo,C2,4,Kentavros,14/5/2023,Tarmac,Championship,5,617.2,564.65,Kentavros_04
Mihos Di,C3 F2,4,Kentavros,14/5/2023,Tarmac,Championship,6,618.25,564.65,Kentavros_04
Korakas ,C2,4,Kentavros,14/5/2023,Tarmac,Championship,7,620.11,564.65,Kentavros_04
Moschos ,C3 F2,4,Kentavros,14/5/2023,Tarmac,Championship,8,620.33,564.65,Kentavros_04
Konstant,C3 F2,4,Kentavros,14/5/2023,Tarmac,Championship,9,627.24,564.65,Kentavros_04
Titakis ,C3 F2,4,Kentavros,14/5/2023,Tarmac,Championship,10,627.82,564.65,Kentavros_04
Karlioti,C5 F2,4,Kentavros,14/5/2023,Tarmac,Championship,11,635.69,564.65,Kentavros_04
Vastardi,C3 F2,4,Kentavros,14/5/2023,Tarmac,Championship,12,640.14,564.65,Kentavros_04
Vergozis,C5 F2,4,Kentavros,14/5/2023,Tarmac,Championship,13,640.6,564.65,Kentavros_04
Nomikos ,C1,4,Kentavros,14/5/2023,Tarmac,Championship,14,643.65,564.65,Kentavros_04
Stergiad,C5 F2,4,Kentavros,14/5/2023,Tarmac,Championship,15,645.74,564.65,Kentavros_04
Vatsos N,C3 F2,4,Kentavros,14/5/2023,Tarmac,Championship,16,646.49,564.65,Kentavros_04
Koutsodi,C6 F2,4,Kentavros,14/5/2023,Tarmac,Championship,17,647.4,564.65,Kentavros_04
Skoulari,C3 F2,4,Kentavros,14/5/2023,Tarmac,Championship,18,651.32,564.65,Kentavros_04
Perakis ,C4 F2,4,Kentavros,14/5/2023,Tarmac,Championship,19,653.35,564.65,Kentavros_04
Avramidi,C6 F2,4,Kentavros,14/5/2023,Tarmac,Championship,20,676.63,564.65,Kentavros_04
Anagnost,C4 F2,4,Kentavros,14/5/2023,Tarmac,Championship,21,678.08,564.65,Kentavros_04
Xenokost,C3 F2,4,Kentavros,14/5/2023,Tarmac,Championship,22,678.79,564.65,Kentavros_04
Giannoul,C5 F2,4,Kentavros,14/5/2023,Tarmac,Championship,23,684.02,564.65,Kentavros_04
Stamatak,C6 F2,4,Kentavros,14/5/2023,Tarmac,Championship,24,698.35,564.65,Kentavros_04
Manousko,C6 F2,4,Kentavros,14/5/2023,Tarmac,Championship,25,702.05,564.65,Kentavros_04
Massiala,C6 F2,4,Kentavros,14/5/2023,Tarmac,Championship,26,705.55,564.65,Kentavros_04
Figioris,C3 F2,4,Kentavros,14/5/2023,Tarmac,Championship,27,715.84,564.65,Kentavros_04
Diamanti,C4 F2,4,Kentavros,14/5/2023,Tarmac,Championship,28,724.91,564.65,Kentavros_04
Baxevana,C6 F2,4,Kentavros,14/5/2023,Tarmac,Championship,29,731.41,564.65,Kentavros_04
Anastasi,C5 F2,4,Kentavros,14/5/2023,Tarmac,Championship,30,745.36,564.65,Kentavros_04
Michail ,C5 F2,4,Kentavros,14/5/2023,Tarmac,Championship,31,,564.65,Kentavros_04
Tsitsigi,C5 F2,4,Kentavros,14/5/2023,Tarmac,Championship,32,,564.65,Kentavros_04
Mossios ,C6 F2,4,Kentavros,14/5/2023,Tarmac,Championship,33,,564.65,Kentavros_04
Tiros Ni,C6 F2,4,Kentavros,14/5/2023,Tarmac,Championship,34,,564.65,Kentavros_04
Tsouloft,C1,5,Kentavros,14/5/2023,Tarmac,Championship,1,353.5,353.5,Kentavros_05
Peroulak,C2,5,Kentavros,14/5/2023,Tarmac,Championship,2,368.67,353.5,Kentavros_05
Ktistaki,C3 F2,5,Kentavros,14/5/2023,Tarmac,Championship,3,375.56,353.5,Kentavros_05
Argiriou,C2,5,Kentavros,14/5/2023,Tarmac,Championship,4,378.39,353.5,Kentavros_05
Gerodimo,C2,5,Kentavros,14/5/2023,Tarmac,Championship,5,382.62,353.5,Kentavros_05
Korakas ,C2,5,Kentavros,14/5/2023,Tarmac,Championship,6,383.93,353.5,Kentavros_05
Mihos Di,C3 F2,5,Kentavros,14/5/2023,Tarmac,Championship,7,391.91,353.5,Kentavros_05
Konstant,C3 F2,5,Kentavros,14/5/2023,Tarmac,Championship,8,392.88,353.5,Kentavros_05
Stergiad,C5 F2,5,Kentavros,14/5/2023,Tarmac,Championship,9,398.63,353.5,Kentavros_05
Nomikos ,C1,5,Kentavros,14/5/2023,Tarmac,Championship,10,400.79,353.5,Kentavros_05
Titakis ,C3 F2,5,Kentavros,14/5/2023,Tarmac,Championship,11,403.17,353.5,Kentavros_05
Vergozis,C5 F2,5,Kentavros,14/5/2023,Tarmac,Championship,12,405.28,353.5,Kentavros_05
Vatsos N,C3 F2,5,Kentavros,14/5/2023,Tarmac,Championship,13,407.44,353.5,Kentavros_05
Koutsodi,C6 F2,5,Kentavros,14/5/2023,Tarmac,Championship,14,411.62,353.5,Kentavros_05
Perakis ,C4 F2,5,Kentavros,14/5/2023,Tarmac,Championship,15,412.41,353.5,Kentavros_05
Avramidi,C6 F2,5,Kentavros,14/5/2023,Tarmac,Championship,16,413.19,353.5,Kentavros_05
Skoulari,C3 F2,5,Kentavros,14/5/2023,Tarmac,Championship,17,415.82,353.5,Kentavros_05
Giannoul,C5 F2,5,Kentavros,14/5/2023,Tarmac,Championship,18,420.13,353.5,Kentavros_05
Anagnost,C4 F2,5,Kentavros,14/5/2023,Tarmac,Championship,19,431.17,353.5,Kentavros_05
Vastardi,C3 F2,5,Kentavros,14/5/2023,Tarmac,Championship,20,434.39,353.5,Kentavros_05
Massiala,C6 F2,5,Kentavros,14/5/2023,Tarmac,Championship,21,438.86,353.5,Kentavros_05
Manousko,C6 F2,5,Kentavros,14/5/2023,Tarmac,Championship,22,447.01,353.5,Kentavros_05
Baxevana,C6 F2,5,Kentavros,14/5/2023,Tarmac,Championship,23,462.23,353.5,Kentavros_05
Figioris,C3 F2,5,Kentavros,14/5/2023,Tarmac,Championship,24,464.73,353.5,Kentavros_05
Diamanti,C4 F2,5,Kentavros,14/5/2023,Tarmac,Championship,25,467.09,353.5,Kentavros_05
Anastasi,C5 F2,5,Kentavros,14/5/2023,Tarmac,Championship,26,486.72,353.5,Kentavros_05
Xenokost,C3 F2,5,Kentavros,14/5/2023,Tarmac,Championship,27,501.61,353.5,Kentavros_05
Moschos ,C3 F2,5,Kentavros,14/5/2023,Tarmac,Championship,28,,353.5,Kentavros_05
Michail ,C5 F2,5,Kentavros,14/5/2023,Tarmac,Championship,29,,353.5,Kentavros_05
Tsitsigi,C5 F2,5,Kentavros,14/5/2023,Tarmac,Championship,30,,353.5,Kentavros_05
Stamatak,C6 F2,5,Kentavros,14/5/2023,Tarmac,Championship,31,,353.5,Kentavros_05
Mossios ,C6 F2,5,Kentavros,14/5/2023,Tarmac,Championship,32,,353.5,Kentavros_05
Tiros Ni,C6 F2,5,Kentavros,14/5/2023,Tarmac,Championship,33,,353.5,Kentavros_05
Tsouloft,C1,6,Kentavros,14/5/2023,Tarmac,Championship,1,162.54,162.54,Kentavros_06
Peroulak,C2,6,Kentavros,14/5/2023,Tarmac,Championship,2,171.02,162.54,Kentavros_06
Argiriou,C2,6,Kentavros,14/5/2023,Tarmac,Championship,3,173.85,162.54,Kentavros_06
Korakas ,C2,6,Kentavros,14/5/2023,Tarmac,Championship,4,174.4,162.54,Kentavros_06
Ktistaki,C3 F2,6,Kentavros,14/5/2023,Tarmac,Championship,5,174.62,162.54,Kentavros_06
Gerodimo,C2,6,Kentavros,14/5/2023,Tarmac,Championship,6,174.77,162.54,Kentavros_06
Mihos Di,C3 F2,6,Kentavros,14/5/2023,Tarmac,Championship,7,178.38,162.54,Kentavros_06
Konstant,C3 F2,6,Kentavros,14/5/2023,Tarmac,Championship,8,181.21,162.54,Kentavros_06
Avramidi,C6 F2,6,Kentavros,14/5/2023,Tarmac,Championship,9,183.64,162.54,Kentavros_06
Titakis ,C3 F2,6,Kentavros,14/5/2023,Tarmac,Championship,10,183.79,162.54,Kentavros_06
Skoulari,C3 F2,6,Kentavros,14/5/2023,Tarmac,Championship,11,185.33,162.54,Kentavros_06
Stergiad,C5 F2,6,Kentavros,14/5/2023,Tarmac,Championship,12,186.53,162.54,Kentavros_06
Koutsodi,C6 F2,6,Kentavros,14/5/2023,Tarmac,Championship,13,186.74,162.54,Kentavros_06
Nomikos ,C1,6,Kentavros,14/5/2023,Tarmac,Championship,14,187.83,162.54,Kentavros_06
Perakis ,C4 F2,6,Kentavros,14/5/2023,Tarmac,Championship,15,189.01,162.54,Kentavros_06
Vergozis,C5 F2,6,Kentavros,14/5/2023,Tarmac,Championship,16,189.94,162.54,Kentavros_06
Vatsos N,C3 F2,6,Kentavros,14/5/2023,Tarmac,Championship,17,190.1,162.54,Kentavros_06
Giannoul,C5 F2,6,Kentavros,14/5/2023,Tarmac,Championship,18,193.33,162.54,Kentavros_06
Vastardi,C3 F2,6,Kentavros,14/5/2023,Tarmac,Championship,19,195.61,162.54,Kentavros_06
Anagnost,C4 F2,6,Kentavros,14/5/2023,Tarmac,Championship,20,198.07,162.54,Kentavros_06
Massiala,C6 F2,6,Kentavros,14/5/2023,Tarmac,Championship,21,201.29,162.54,Kentavros_06
Manousko,C6 F2,6,Kentavros,14/5/2023,Tarmac,Championship,22,202.68,162.54,Kentavros_06
Diamanti,C4 F2,6,Kentavros,14/5/2023,Tarmac,Championship,23,211.1,162.54,Kentavros_06
Baxevana,C6 F2,6,Kentavros,14/5/2023,Tarmac,Championship,24,211.57,162.54,Kentavros_06
Figioris,C3 F2,6,Kentavros,14/5/2023,Tarmac,Championship,25,214.12,162.54,Kentavros_06
Anastasi,C5 F2,6,Kentavros,14/5/2023,Tarmac,Championship,26,221.79,162.54,Kentavros_06
Xenokost,C3 F2,6,Kentavros,14/5/2023,Tarmac,Championship,27,336.63,162.54,Kentavros_06
Moschos ,C3 F2,6,Kentavros,14/5/2023,Tarmac,Championship,28,,162.54,Kentavros_06
Michail ,C5 F2,6,Kentavros,14/5/2023,Tarmac,Championship,29,,162.54,Kentavros_06
Tsitsigi,C5 F2,6,Kentavros,14/5/2023,Tarmac,Championship,30,,162.54,Kentavros_06
Stamatak,C6 F2,6,Kentavros,14/5/2023,Tarmac,Championship,31,,162.54,Kentavros_06
Mossios ,C6 F2,6,Kentavros,14/5/2023,Tarmac,Championship,32,,162.54,Kentavros_06
Tiros Ni,C6 F2,6,Kentavros,14/5/2023,Tarmac,Championship,33,,162.54,Kentavros_06
Tsouloft,C1,7,Kentavros,14/5/2023,Tarmac,Championship,1,389.23,389.23,Kentavros_07
Peroulak,C2,7,Kentavros,14/5/2023,Tarmac,Championship,2,425.22,389.23,Kentavros_07
Argiriou,C2,7,Kentavros,14/5/2023,Tarmac,Championship,3,436.46,389.23,Kentavros_07
Gerodimo,C2,7,Kentavros,14/5/2023,Tarmac,Championship,4,439.19,389.23,Kentavros_07
Ktistaki,C3 F2,7,Kentavros,14/5/2023,Tarmac,Championship,5,451.55,389.23,Kentavros_07
Michail ,C5 F2,7,Kentavros,14/5/2023,Tarmac,Championship,6,458.66,389.23,Kentavros_07
Konstant,C3 F2,7,Kentavros,14/5/2023,Tarmac,Championship,7,475.51,389.23,Kentavros_07
Mihos Di,C3 F2,7,Kentavros,14/5/2023,Tarmac,Championship,8,475.56,389.23,Kentavros_07
Nomikos ,C1,7,Kentavros,14/5/2023,Tarmac,Championship,9,478.42,389.23,Kentavros_07
Titakis ,C3 F2,7,Kentavros,14/5/2023,Tarmac,Championship,10,482.0,389.23,Kentavros_07
Stamatak,C6 F2,7,Kentavros,14/5/2023,Tarmac,Championship,11,489.5,389.23,Kentavros_07
Tsitsigi,C5 F2,7,Kentavros,14/5/2023,Tarmac,Championship,12,491.83,389.23,Kentavros_07
Moschos ,C3 F2,7,Kentavros,14/5/2023,Tarmac,Championship,13,497.25,389.23,Kentavros_07
Koutsodi,C6 F2,7,Kentavros,14/5/2023,Tarmac,Championship,14,498.13,389.23,Kentavros_07
Stergiad,C5 F2,7,Kentavros,14/5/2023,Tarmac,Championship,15,505.96,389.23,Kentavros_07
Perakis ,C4 F2,7,Kentavros,14/5/2023,Tarmac,Championship,16,507.84,389.23,Kentavros_07
Vergozis,C5 F2,7,Kentavros,14/5/2023,Tarmac,Championship,17,518.68,389.23,Kentavros_07
Vatsos N,C3 F2,7,Kentavros,14/5/2023,Tarmac,Championship,18,524.23,389.23,Kentavros_07
Korakas ,C2,7,Kentavros,14/5/2023,Tarmac,Championship,19,524.97,389.23,Kentavros_07
Massiala,C6 F2,7,Kentavros,14/5/2023,Tarmac,Championship,20,526.29,389.23,Kentavros_07
Mossios ,C6 F2,7,Kentavros,14/5/2023,Tarmac,Championship,21,527.61,389.23,Kentavros_07
Manousko,C6 F2,7,Kentavros,14/5/2023,Tarmac,Championship,22,530.08,389.23,Kentavros_07
Anagnost,C4 F2,7,Kentavros,14/5/2023,Tarmac,Championship,23,533.8,389.23,Kentavros_07
Vastardi,C3 F2,7,Kentavros,14/5/2023,Tarmac,Championship,24,552.25,389.23,Kentavros_07
Giannoul,C5 F2,7,Kentavros,14/5/2023,Tarmac,Championship,25,560.33,389.23,Kentavros_07
Baxevana,C6 F2,7,Kentavros,14/5/2023,Tarmac,Championship,26,560.45,389.23,Kentavros_07
Anastasi,C5 F2,7,Kentavros,14/5/2023,Tarmac,Championship,27,562.73,389.23,Kentavros_07
Tiros Ni,C6 F2,7,Kentavros,14/5/2023,Tarmac,Championship,28,566.76,389.23,Kentavros_07
Figioris,C3 F2,7,Kentavros,14/5/2023,Tarmac,Championship,29,589.26,389.23,Kentavros_07
Diamanti,C4 F2,7,Kentavros,14/5/2023,Tarmac,Championship,30,600.36,389.23,Kentavros_07
Xenokost,C3 F2,7,Kentavros,14/5/2023,Tarmac,Championship,31,602.9,389.23,Kentavros_07
Tsouloft,C1,8,Kentavros,14/5/2023,Tarmac,Championship,1,386.14,386.14,Kentavros_08
Peroulak,C2,8,Kentavros,14/5/2023,Tarmac,Championship,2,415.2,386.14,Kentavros_08
Ktistaki,C3 F2,8,Kentavros,14/5/2023,Tarmac,Championship,3,415.24,386.14,Kentavros_08
Argiriou,C2,8,Kentavros,14/5/2023,Tarmac,Championship,4,417.7,386.14,Kentavros_08
Moschos ,C3 F2,8,Kentavros,14/5/2023,Tarmac,Championship,5,420.61,386.14,Kentavros_08
Gerodimo,C2,8,Kentavros,14/5/2023,Tarmac,Championship,6,422.06,386.14,Kentavros_08
Mihos Di,C3 F2,8,Kentavros,14/5/2023,Tarmac,Championship,7,425.84,386.14,Kentavros_08
Titakis ,C3 F2,8,Kentavros,14/5/2023,Tarmac,Championship,8,427.39,386.14,Kentavros_08
Konstant,C3 F2,8,Kentavros,14/5/2023,Tarmac,Championship,9,428.63,386.14,Kentavros_08
Korakas ,C2,8,Kentavros,14/5/2023,Tarmac,Championship,10,431.44,386.14,Kentavros_08
Michail ,C5 F2,8,Kentavros,14/5/2023,Tarmac,Championship,11,443.42,386.14,Kentavros_08
Koutsodi,C6 F2,8,Kentavros,14/5/2023,Tarmac,Championship,12,446.67,386.14,Kentavros_08
Nomikos ,C1,8,Kentavros,14/5/2023,Tarmac,Championship,13,449.24,386.14,Kentavros_08
Stergiad,C5 F2,8,Kentavros,14/5/2023,Tarmac,Championship,14,449.86,386.14,Kentavros_08
Tiros Ni,C6 F2,8,Kentavros,14/5/2023,Tarmac,Championship,15,450.31,386.14,Kentavros_08
Giannoul,C5 F2,8,Kentavros,14/5/2023,Tarmac,Championship,16,454.69,386.14,Kentavros_08
Tsitsigi,C5 F2,8,Kentavros,14/5/2023,Tarmac,Championship,17,455.07,386.14,Kentavros_08
Vergozis,C5 F2,8,Kentavros,14/5/2023,Tarmac,Championship,18,455.45,386.14,Kentavros_08
Perakis ,C4 F2,8,Kentavros,14/5/2023,Tarmac,Championship,19,457.78,386.14,Kentavros_08
Vatsos N,C3 F2,8,Kentavros,14/5/2023,Tarmac,Championship,20,464.73,386.14,Kentavros_08
Vastardi,C3 F2,8,Kentavros,14/5/2023,Tarmac,Championship,21,465.53,386.14,Kentavros_08
Anagnost,C4 F2,8,Kentavros,14/5/2023,Tarmac,Championship,22,477.63,386.14,Kentavros_08
Manousko,C6 F2,8,Kentavros,14/5/2023,Tarmac,Championship,23,497.36,386.14,Kentavros_08
Diamanti,C4 F2,8,Kentavros,14/5/2023,Tarmac,Championship,24,507.9,386.14,Kentavros_08
Massiala,C6 F2,8,Kentavros,14/5/2023,Tarmac,Championship,25,509.31,386.14,Kentavros_08
Anastasi,C5 F2,8,Kentavros,14/5/2023,Tarmac,Championship,26,513.83,386.14,Kentavros_08
Figioris,C3 F2,8,Kentavros,14/5/2023,Tarmac,Championship,27,531.36,386.14,Kentavros_08
Baxevana,C6 F2,8,Kentavros,14/5/2023,Tarmac,Championship,28,531.52,386.14,Kentavros_08
Stamatak,C6 F2,8,Kentavros,14/5/2023,Tarmac,Championship,29,561.49,386.14,Kentavros_08
Mossios ,C6 F2,8,Kentavros,14/5/2023,Tarmac,Championship,30,740.64,386.14,Kentavros_08
Ismailos,C2,1,Korinthou,21/10/2023,Gravel,Cup,1,482.56,482.56,Korinthou_01
Mider  -,C2,1,Korinthou,21/10/2023,Gravel,Cup,2,485.99,482.56,Korinthou_01
Lefkadit,C3 F2,1,Korinthou,21/10/2023,Gravel,Cup,3,490.72,482.56,Korinthou_01
Paradiss,C2,1,Korinthou,21/10/2023,Gravel,Cup,4,502.48,482.56,Korinthou_01
Dimopoul,C4 F2,1,Korinthou,21/10/2023,Gravel,Cup,5,504.74,482.56,Korinthou_01
Flandy  ,C3,1,Korinthou,21/10/2023,Gravel,Cup,6,508.57,482.56,Korinthou_01
Zygogian,C2,1,Korinthou,21/10/2023,Gravel,Cup,7,513.24,482.56,Korinthou_01
Tsatsari,C2,1,Korinthou,21/10/2023,Gravel,Cup,8,515.27,482.56,Korinthou_01
Panoutso,C5 F2,1,Korinthou,21/10/2023,Gravel,Cup,9,517.88,482.56,Korinthou_01
Tsakalos,C5 F2,1,Korinthou,21/10/2023,Gravel,Cup,10,520.83,482.56,Korinthou_01
Tsakalos,C6 F2,1,Korinthou,21/10/2023,Gravel,Cup,11,522.01,482.56,Korinthou_01
Antoniou,C3 F2,1,Korinthou,21/10/2023,Gravel,Cup,12,523.81,482.56,Korinthou_01
Agathokl,C3 F2,1,Korinthou,21/10/2023,Gravel,Cup,13,528.81,482.56,Korinthou_01
Giannako,C5 F2,1,Korinthou,21/10/2023,Gravel,Cup,14,541.93,482.56,Korinthou_01
Chatziga,C3 F2,1,Korinthou,21/10/2023,Gravel,Cup,15,543.49,482.56,Korinthou_01
Toussoul,C6 F2,1,Korinthou,21/10/2023,Gravel,Cup,16,543.77,482.56,Korinthou_01
Roustemi,4,1,Korinthou,21/10/2023,Gravel,Cup,17,548.56,482.56,Korinthou_01
Gazetas ,C2,1,Korinthou,21/10/2023,Gravel,Cup,18,552.03,482.56,Korinthou_01
Kokkinos,C6 F2,1,Korinthou,21/10/2023,Gravel,Cup,19,555.92,482.56,Korinthou_01
Anastass,C4 F2,1,Korinthou,21/10/2023,Gravel,Cup,20,563.06,482.56,Korinthou_01
Manetas ,C4 F2,1,Korinthou,21/10/2023,Gravel,Cup,21,563.71,482.56,Korinthou_01
Dimos Gi,C3 F2,1,Korinthou,21/10/2023,Gravel,Cup,22,567.19,482.56,Korinthou_01
Kalamara,C3 F2,1,Korinthou,21/10/2023,Gravel,Cup,23,569.92,482.56,Korinthou_01
Sotiropo,C6 F2,1,Korinthou,21/10/2023,Gravel,Cup,24,572.92,482.56,Korinthou_01
Englezos,C6 F2,1,Korinthou,21/10/2023,Gravel,Cup,25,577.46,482.56,Korinthou_01
Mavragan,C4 F2,1,Korinthou,21/10/2023,Gravel,Cup,26,578.96,482.56,Korinthou_01
Gazetas ,C6 F2,1,Korinthou,21/10/2023,Gravel,Cup,27,589.12,482.56,Korinthou_01
Kimonidi,TZ1,1,Korinthou,21/10/2023,Gravel,Cup,28,589.24,482.56,Korinthou_01
Delaport,4,1,Korinthou,21/10/2023,Gravel,Cup,29,597.06,482.56,Korinthou_01
Sias Har,C2,1,Korinthou,21/10/2023,Gravel,Cup,30,603.99,482.56,Korinthou_01
Kotsopou,C3 F2,1,Korinthou,21/10/2023,Gravel,Cup,31,609.08,482.56,Korinthou_01
Likomitr,C3 F2,1,Korinthou,21/10/2023,Gravel,Cup,32,609.1,482.56,Korinthou_01
Kattis D,C6 F2,1,Korinthou,21/10/2023,Gravel,Cup,33,665.11,482.56,Korinthou_01
Pavli Ma,C6 F2,1,Korinthou,21/10/2023,Gravel,Cup,34,891.32,482.56,Korinthou_01
Ismailos,C2,2,Korinthou,21/10/2023,Gravel,Cup,1,475.9,475.9,Korinthou_02
Lefkadit,C3 F2,2,Korinthou,21/10/2023,Gravel,Cup,2,485.5,475.9,Korinthou_02
Paradiss,C2,2,Korinthou,21/10/2023,Gravel,Cup,3,487.37,475.9,Korinthou_02
Dimopoul,C4 F2,2,Korinthou,21/10/2023,Gravel,Cup,4,494.74,475.9,Korinthou_02
Flandy  ,C3,2,Korinthou,21/10/2023,Gravel,Cup,5,498.65,475.9,Korinthou_02
Zygogian,C2,2,Korinthou,21/10/2023,Gravel,Cup,6,504.4,475.9,Korinthou_02
Tsakalos,C5 F2,2,Korinthou,21/10/2023,Gravel,Cup,7,504.49,475.9,Korinthou_02
Panoutso,C5 F2,2,Korinthou,21/10/2023,Gravel,Cup,8,507.88,475.9,Korinthou_02
Tsatsari,C2,2,Korinthou,21/10/2023,Gravel,Cup,9,515.7,475.9,Korinthou_02
Agathokl,C3 F2,2,Korinthou,21/10/2023,Gravel,Cup,10,518.81,475.9,Korinthou_02
Tsakalos,C6 F2,2,Korinthou,21/10/2023,Gravel,Cup,11,524.74,475.9,Korinthou_02
Antoniou,C3 F2,2,Korinthou,21/10/2023,Gravel,Cup,12,531.14,475.9,Korinthou_02
Giannako,C5 F2,2,Korinthou,21/10/2023,Gravel,Cup,13,532.57,475.9,Korinthou_02
Roustemi,4,2,Korinthou,21/10/2023,Gravel,Cup,14,537.49,475.9,Korinthou_02
Anastass,C4 F2,2,Korinthou,21/10/2023,Gravel,Cup,15,546.67,475.9,Korinthou_02
Manetas ,C4 F2,2,Korinthou,21/10/2023,Gravel,Cup,16,547.82,475.9,Korinthou_02
Chatziga,C3 F2,2,Korinthou,21/10/2023,Gravel,Cup,17,549.03,475.9,Korinthou_02
Toussoul,C6 F2,2,Korinthou,21/10/2023,Gravel,Cup,18,550.51,475.9,Korinthou_02
Mavragan,C4 F2,2,Korinthou,21/10/2023,Gravel,Cup,19,551.78,475.9,Korinthou_02
Kokkinos,C6 F2,2,Korinthou,21/10/2023,Gravel,Cup,20,556.19,475.9,Korinthou_02
Gazetas ,C2,2,Korinthou,21/10/2023,Gravel,Cup,21,557.72,475.9,Korinthou_02
Sotiropo,C6 F2,2,Korinthou,21/10/2023,Gravel,Cup,22,558.23,475.9,Korinthou_02
Kalamara,C3 F2,2,Korinthou,21/10/2023,Gravel,Cup,23,561.04,475.9,Korinthou_02
Gazetas ,C6 F2,2,Korinthou,21/10/2023,Gravel,Cup,24,561.84,475.9,Korinthou_02
Dimos Gi,C3 F2,2,Korinthou,21/10/2023,Gravel,Cup,25,566.65,475.9,Korinthou_02
Sias Har,C2,2,Korinthou,21/10/2023,Gravel,Cup,26,568.44,475.9,Korinthou_02
Englezos,C6 F2,2,Korinthou,21/10/2023,Gravel,Cup,27,574.52,475.9,Korinthou_02
Delaport,4,2,Korinthou,21/10/2023,Gravel,Cup,28,578.17,475.9,Korinthou_02
Kimonidi,TZ1,2,Korinthou,21/10/2023,Gravel,Cup,29,578.5,475.9,Korinthou_02
Likomitr,C3 F2,2,Korinthou,21/10/2023,Gravel,Cup,30,579.6,475.9,Korinthou_02
Kotsopou,C3 F2,2,Korinthou,21/10/2023,Gravel,Cup,31,598.39,475.9,Korinthou_02
Kattis D,C6 F2,2,Korinthou,21/10/2023,Gravel,Cup,32,661.19,475.9,Korinthou_02
Pavli Ma,C6 F2,2,Korinthou,21/10/2023,Gravel,Cup,33,1199.26,475.9,Korinthou_02
Ismailos,C2,3,Korinthou,21/10/2023,Gravel,Cup,1,479.64,479.64,Korinthou_03
Paradiss,C2,3,Korinthou,21/10/2023,Gravel,Cup,2,485.68,479.64,Korinthou_03
Flandy  ,C3,3,Korinthou,21/10/2023,Gravel,Cup,3,492.62,479.64,Korinthou_03
Tsakalos,C5 F2,3,Korinthou,21/10/2023,Gravel,Cup,4,503.51,479.64,Korinthou_03
Panoutso,C5 F2,3,Korinthou,21/10/2023,Gravel,Cup,5,511.85,479.64,Korinthou_03
Tsatsari,C2,3,Korinthou,21/10/2023,Gravel,Cup,6,521.03,479.64,Korinthou_03
Agathokl,C3 F2,3,Korinthou,21/10/2023,Gravel,Cup,7,522.48,479.64,Korinthou_03
Giannako,C5 F2,3,Korinthou,21/10/2023,Gravel,Cup,8,530.97,479.64,Korinthou_03
Tsakalos,C6 F2,3,Korinthou,21/10/2023,Gravel,Cup,9,531.49,479.64,Korinthou_03
Gazetas ,C2,3,Korinthou,21/10/2023,Gravel,Cup,10,533.25,479.64,Korinthou_03
Anastass,C4 F2,3,Korinthou,21/10/2023,Gravel,Cup,11,546.45,479.64,Korinthou_03
Chatziga,C3 F2,3,Korinthou,21/10/2023,Gravel,Cup,12,548.18,479.64,Korinthou_03
Toussoul,C6 F2,3,Korinthou,21/10/2023,Gravel,Cup,13,548.54,479.64,Korinthou_03
Manetas ,C4 F2,3,Korinthou,21/10/2023,Gravel,Cup,14,549.71,479.64,Korinthou_03
Kalamara,C3 F2,3,Korinthou,21/10/2023,Gravel,Cup,15,549.79,479.64,Korinthou_03
Antoniou,C3 F2,3,Korinthou,21/10/2023,Gravel,Cup,16,553.15,479.64,Korinthou_03
Gazetas ,C6 F2,3,Korinthou,21/10/2023,Gravel,Cup,17,555.1,479.64,Korinthou_03
Zygogian,C2,3,Korinthou,21/10/2023,Gravel,Cup,18,557.46,479.64,Korinthou_03
Dimos Gi,C3 F2,3,Korinthou,21/10/2023,Gravel,Cup,19,561.64,479.64,Korinthou_03
Kokkinos,C6 F2,3,Korinthou,21/10/2023,Gravel,Cup,20,562.88,479.64,Korinthou_03
Mavragan,C4 F2,3,Korinthou,21/10/2023,Gravel,Cup,21,565.74,479.64,Korinthou_03
Sias Har,C2,3,Korinthou,21/10/2023,Gravel,Cup,22,566.03,479.64,Korinthou_03
Englezos,C6 F2,3,Korinthou,21/10/2023,Gravel,Cup,23,568.44,479.64,Korinthou_03
Likomitr,C3 F2,3,Korinthou,21/10/2023,Gravel,Cup,24,569.38,479.64,Korinthou_03
Sotiropo,C6 F2,3,Korinthou,21/10/2023,Gravel,Cup,25,571.31,479.64,Korinthou_03
Delaport,4,3,Korinthou,21/10/2023,Gravel,Cup,26,576.81,479.64,Korinthou_03
Kotsopou,C3 F2,3,Korinthou,21/10/2023,Gravel,Cup,27,594.7,479.64,Korinthou_03
Kattis D,C6 F2,3,Korinthou,21/10/2023,Gravel,Cup,28,648.24,479.64,Korinthou_03
Roustemi,4,3,Korinthou,21/10/2023,Gravel,Cup,29,841.71,479.64,Korinthou_03
Aligizak,C1,1,Kritis,21-22/10/2023,Tarmac,Championship,1,216.23,216.23,Kritis_01
Anapolio,C1,1,Kritis,21-22/10/2023,Tarmac,Championship,2,221.08,216.23,Kritis_01
Peroulak,C2,1,Kritis,21-22/10/2023,Tarmac,Championship,3,227.37,216.23,Kritis_01
Ktistaki,C3 F2,1,Kritis,21-22/10/2023,Tarmac,Championship,4,236.02,216.23,Kritis_01
Kazanas ,C2,1,Kritis,21-22/10/2023,Tarmac,Championship,5,237.48,216.23,Kritis_01
Nikolida,C5 F2,1,Kritis,21-22/10/2023,Tarmac,Championship,6,238.03,216.23,Kritis_01
Titakis ,C3 F2,1,Kritis,21-22/10/2023,Tarmac,Championship,7,238.07,216.23,Kritis_01
Konstant,C3 F2,1,Kritis,21-22/10/2023,Tarmac,Championship,8,239.19,216.23,Kritis_01
Kafetzak,C5 F2,1,Kritis,21-22/10/2023,Tarmac,Championship,9,241.85,216.23,Kritis_01
Zervakis,C4 F2,1,Kritis,21-22/10/2023,Tarmac,Championship,10,242.49,216.23,Kritis_01
Frantzes,C3 F2,1,Kritis,21-22/10/2023,Tarmac,Championship,11,242.93,216.23,Kritis_01
Perakis ,C4 F2,1,Kritis,21-22/10/2023,Tarmac,Championship,12,246.26,216.23,Kritis_01
Gobakis ,C3 F2,1,Kritis,21-22/10/2023,Tarmac,Championship,13,247.24,216.23,Kritis_01
Maragaki,C4 F2,1,Kritis,21-22/10/2023,Tarmac,Championship,14,249.35,216.23,Kritis_01
Damianak,C4 F2,1,Kritis,21-22/10/2023,Tarmac,Championship,15,250.43,216.23,Kritis_01
Polias M,C5 F2,1,Kritis,21-22/10/2023,Tarmac,Championship,16,252.69,216.23,Kritis_01
Korovezo,C4 F2,1,Kritis,21-22/10/2023,Tarmac,Championship,17,256.71,216.23,Kritis_01
Stamatak,C6 F2,1,Kritis,21-22/10/2023,Tarmac,Championship,18,258.64,216.23,Kritis_01
Avramidi,C6 F2,1,Kritis,21-22/10/2023,Tarmac,Championship,19,263.09,216.23,Kritis_01
Poulakis,C6 F2,1,Kritis,21-22/10/2023,Tarmac,Championship,20,263.48,216.23,Kritis_01
Mihailak,C3 F2,1,Kritis,21-22/10/2023,Tarmac,Championship,21,263.51,216.23,Kritis_01
Manousko,C6 F2,1,Kritis,21-22/10/2023,Tarmac,Championship,22,266.61,216.23,Kritis_01
Massiala,C6 F2,1,Kritis,21-22/10/2023,Tarmac,Championship,23,270.86,216.23,Kritis_01
Pothitos,C6 F2,1,Kritis,21-22/10/2023,Tarmac,Championship,24,276.22,216.23,Kritis_01
Stivakta,C6 F2,1,Kritis,21-22/10/2023,Tarmac,Championship,25,277.25,216.23,Kritis_01
Kapsalak,C3 F2,1,Kritis,21-22/10/2023,Tarmac,Championship,26,287.7,216.23,Kritis_01
Kakepaki,C6 F2,1,Kritis,21-22/10/2023,Tarmac,Championship,27,304.23,216.23,Kritis_01
Anapolio,C1,2,Kritis,21-22/10/2023,Tarmac,Championship,1,217.24,217.24,Kritis_02
Aligizak,C1,2,Kritis,21-22/10/2023,Tarmac,Championship,2,217.76,217.24,Kritis_02
Peroulak,C2,2,Kritis,21-22/10/2023,Tarmac,Championship,3,224.87,217.24,Kritis_02
Ktistaki,C3 F2,2,Kritis,21-22/10/2023,Tarmac,Championship,4,232.83,217.24,Kritis_02
Konstant,C3 F2,2,Kritis,21-22/10/2023,Tarmac,Championship,5,234.68,217.24,Kritis_02
Titakis ,C3 F2,2,Kritis,21-22/10/2023,Tarmac,Championship,6,235.36,217.24,Kritis_02
Nikolida,C5 F2,2,Kritis,21-22/10/2023,Tarmac,Championship,7,235.5,217.24,Kritis_02
Frantzes,C3 F2,2,Kritis,21-22/10/2023,Tarmac,Championship,8,236.79,217.24,Kritis_02
Kafetzak,C5 F2,2,Kritis,21-22/10/2023,Tarmac,Championship,9,237.84,217.24,Kritis_02
Kazanas ,C2,2,Kritis,21-22/10/2023,Tarmac,Championship,10,237.85,217.24,Kritis_02
Zervakis,C4 F2,2,Kritis,21-22/10/2023,Tarmac,Championship,11,239.15,217.24,Kritis_02
Damianak,C4 F2,2,Kritis,21-22/10/2023,Tarmac,Championship,12,242.07,217.24,Kritis_02
Maragaki,C4 F2,2,Kritis,21-22/10/2023,Tarmac,Championship,13,243.54,217.24,Kritis_02
Gobakis ,C3 F2,2,Kritis,21-22/10/2023,Tarmac,Championship,14,244.36,217.24,Kritis_02
Perakis ,C4 F2,2,Kritis,21-22/10/2023,Tarmac,Championship,15,246.19,217.24,Kritis_02
Polias M,C5 F2,2,Kritis,21-22/10/2023,Tarmac,Championship,16,250.04,217.24,Kritis_02
Avramidi,C6 F2,2,Kritis,21-22/10/2023,Tarmac,Championship,17,255.96,217.24,Kritis_02
Stamatak,C6 F2,2,Kritis,21-22/10/2023,Tarmac,Championship,18,256.52,217.24,Kritis_02
Mihailak,C3 F2,2,Kritis,21-22/10/2023,Tarmac,Championship,19,257.81,217.24,Kritis_02
Massiala,C6 F2,2,Kritis,21-22/10/2023,Tarmac,Championship,20,262.26,217.24,Kritis_02
Manousko,C6 F2,2,Kritis,21-22/10/2023,Tarmac,Championship,21,263.14,217.24,Kritis_02
Poulakis,C6 F2,2,Kritis,21-22/10/2023,Tarmac,Championship,22,265.13,217.24,Kritis_02
Kapsalak,C3 F2,2,Kritis,21-22/10/2023,Tarmac,Championship,23,268.63,217.24,Kritis_02
Stivakta,C6 F2,2,Kritis,21-22/10/2023,Tarmac,Championship,24,270.29,217.24,Kritis_02
Kakepaki,C6 F2,2,Kritis,21-22/10/2023,Tarmac,Championship,25,309.84,217.24,Kritis_02
Anapolio,C1,3,Kritis,21-22/10/2023,Tarmac,Championship,1,289.56,289.56,Kritis_03
Aligizak,C1,3,Kritis,21-22/10/2023,Tarmac,Championship,2,290.33,289.56,Kritis_03
Peroulak,C2,3,Kritis,21-22/10/2023,Tarmac,Championship,3,298.97,289.56,Kritis_03
Ktistaki,C3 F2,3,Kritis,21-22/10/2023,Tarmac,Championship,4,305.93,289.56,Kritis_03
Nikolida,C5 F2,3,Kritis,21-22/10/2023,Tarmac,Championship,5,308.4,289.56,Kritis_03
Kazanas ,C2,3,Kritis,21-22/10/2023,Tarmac,Championship,6,308.87,289.56,Kritis_03
Titakis ,C3 F2,3,Kritis,21-22/10/2023,Tarmac,Championship,7,310.75,289.56,Kritis_03
Frantzes,C3 F2,3,Kritis,21-22/10/2023,Tarmac,Championship,8,314.97,289.56,Kritis_03
Kafetzak,C5 F2,3,Kritis,21-22/10/2023,Tarmac,Championship,9,315.41,289.56,Kritis_03
Zervakis,C4 F2,3,Kritis,21-22/10/2023,Tarmac,Championship,10,316.09,289.56,Kritis_03
Konstant,C3 F2,3,Kritis,21-22/10/2023,Tarmac,Championship,11,317.54,289.56,Kritis_03
Damianak,C4 F2,3,Kritis,21-22/10/2023,Tarmac,Championship,12,326.88,289.56,Kritis_03
Perakis ,C4 F2,3,Kritis,21-22/10/2023,Tarmac,Championship,13,327.6,289.56,Kritis_03
Maragaki,C4 F2,3,Kritis,21-22/10/2023,Tarmac,Championship,14,329.42,289.56,Kritis_03
Kakepaki,C6 F2,3,Kritis,21-22/10/2023,Tarmac,Championship,15,331.01,289.56,Kritis_03
Polias M,C5 F2,3,Kritis,21-22/10/2023,Tarmac,Championship,16,331.41,289.56,Kritis_03
Manousko,C6 F2,3,Kritis,21-22/10/2023,Tarmac,Championship,17,341.68,289.56,Kritis_03
Poulakis,C6 F2,3,Kritis,21-22/10/2023,Tarmac,Championship,18,346.07,289.56,Kritis_03
Stamatak,C6 F2,3,Kritis,21-22/10/2023,Tarmac,Championship,19,349.49,289.56,Kritis_03
Gobakis ,C3 F2,3,Kritis,21-22/10/2023,Tarmac,Championship,20,353.15,289.56,Kritis_03
Massiala,C6 F2,3,Kritis,21-22/10/2023,Tarmac,Championship,21,356.57,289.56,Kritis_03
Kapsalak,C3 F2,3,Kritis,21-22/10/2023,Tarmac,Championship,22,358.36,289.56,Kritis_03
Stivakta,C6 F2,3,Kritis,21-22/10/2023,Tarmac,Championship,23,359.25,289.56,Kritis_03
Mihailak,C3 F2,3,Kritis,21-22/10/2023,Tarmac,Championship,24,727.66,289.56,Kritis_03
Aligizak,C1,4,Kritis,21-22/10/2023,Tarmac,Championship,1,289.0,289.0,Kritis_04
Anapolio,C1,4,Kritis,21-22/10/2023,Tarmac,Championship,2,290.01,289.0,Kritis_04
Peroulak,C2,4,Kritis,21-22/10/2023,Tarmac,Championship,3,298.76,289.0,Kritis_04
Ktistaki,C3 F2,4,Kritis,21-22/10/2023,Tarmac,Championship,4,302.46,289.0,Kritis_04
Titakis ,C3 F2,4,Kritis,21-22/10/2023,Tarmac,Championship,5,308.2,289.0,Kritis_04
Konstant,C3 F2,4,Kritis,21-22/10/2023,Tarmac,Championship,6,308.43,289.0,Kritis_04
Nikolida,C5 F2,4,Kritis,21-22/10/2023,Tarmac,Championship,7,309.15,289.0,Kritis_04
Frantzes,C3 F2,4,Kritis,21-22/10/2023,Tarmac,Championship,8,312.26,289.0,Kritis_04
Damianak,C4 F2,4,Kritis,21-22/10/2023,Tarmac,Championship,9,313.65,289.0,Kritis_04
Kazanas ,C2,4,Kritis,21-22/10/2023,Tarmac,Championship,10,314.81,289.0,Kritis_04
Kafetzak,C5 F2,4,Kritis,21-22/10/2023,Tarmac,Championship,11,318.92,289.0,Kritis_04
Perakis ,C4 F2,4,Kritis,21-22/10/2023,Tarmac,Championship,12,322.96,289.0,Kritis_04
Kakepaki,C6 F2,4,Kritis,21-22/10/2023,Tarmac,Championship,13,325.54,289.0,Kritis_04
Mihailak,C3 F2,4,Kritis,21-22/10/2023,Tarmac,Championship,14,328.38,289.0,Kritis_04
Polias M,C5 F2,4,Kritis,21-22/10/2023,Tarmac,Championship,15,331.42,289.0,Kritis_04
Maragaki,C4 F2,4,Kritis,21-22/10/2023,Tarmac,Championship,16,332.64,289.0,Kritis_04
Gobakis ,C3 F2,4,Kritis,21-22/10/2023,Tarmac,Championship,17,344.12,289.0,Kritis_04
Poulakis,C6 F2,4,Kritis,21-22/10/2023,Tarmac,Championship,18,345.7,289.0,Kritis_04
Stamatak,C6 F2,4,Kritis,21-22/10/2023,Tarmac,Championship,19,349.36,289.0,Kritis_04
Manousko,C6 F2,4,Kritis,21-22/10/2023,Tarmac,Championship,20,351.74,289.0,Kritis_04
Kapsalak,C3 F2,4,Kritis,21-22/10/2023,Tarmac,Championship,21,359.63,289.0,Kritis_04
Massiala,C6 F2,4,Kritis,21-22/10/2023,Tarmac,Championship,22,368.35,289.0,Kritis_04
Stivakta,C6 F2,4,Kritis,21-22/10/2023,Tarmac,Championship,23,387.64,289.0,Kritis_04
Aligizak,C1,5,Kritis,21-22/10/2023,Tarmac,Championship,1,284.77,284.77,Kritis_05
Anapolio,C1,5,Kritis,21-22/10/2023,Tarmac,Championship,2,285.49,284.77,Kritis_05
Peroulak,C2,5,Kritis,21-22/10/2023,Tarmac,Championship,3,294.07,284.77,Kritis_05
Ktistaki,C3 F2,5,Kritis,21-22/10/2023,Tarmac,Championship,4,299.44,284.77,Kritis_05
Nikolida,C5 F2,5,Kritis,21-22/10/2023,Tarmac,Championship,5,302.39,284.77,Kritis_05
Titakis ,C3 F2,5,Kritis,21-22/10/2023,Tarmac,Championship,6,305.77,284.77,Kritis_05
Frantzes,C3 F2,5,Kritis,21-22/10/2023,Tarmac,Championship,7,305.82,284.77,Kritis_05
Konstant,C3 F2,5,Kritis,21-22/10/2023,Tarmac,Championship,8,307.06,284.77,Kritis_05
Kazanas ,C2,5,Kritis,21-22/10/2023,Tarmac,Championship,9,307.49,284.77,Kritis_05
Kafetzak,C5 F2,5,Kritis,21-22/10/2023,Tarmac,Championship,10,311.79,284.77,Kritis_05
Kakepaki,C6 F2,5,Kritis,21-22/10/2023,Tarmac,Championship,11,320.39,284.77,Kritis_05
Maragaki,C4 F2,5,Kritis,21-22/10/2023,Tarmac,Championship,12,323.07,284.77,Kritis_05
Mihailak,C3 F2,5,Kritis,21-22/10/2023,Tarmac,Championship,13,327.34,284.77,Kritis_05
Gobakis ,C3 F2,5,Kritis,21-22/10/2023,Tarmac,Championship,14,328.19,284.77,Kritis_05
Polias M,C5 F2,5,Kritis,21-22/10/2023,Tarmac,Championship,15,330.67,284.77,Kritis_05
Perakis ,C4 F2,5,Kritis,21-22/10/2023,Tarmac,Championship,16,331.88,284.77,Kritis_05
Stamatak,C6 F2,5,Kritis,21-22/10/2023,Tarmac,Championship,17,333.9,284.77,Kritis_05
Poulakis,C6 F2,5,Kritis,21-22/10/2023,Tarmac,Championship,18,339.72,284.77,Kritis_05
Manousko,C6 F2,5,Kritis,21-22/10/2023,Tarmac,Championship,19,341.59000000000003,284.77,Kritis_05
Damianak,C4 F2,5,Kritis,21-22/10/2023,Tarmac,Championship,20,347.66,284.77,Kritis_05
Massiala,C6 F2,5,Kritis,21-22/10/2023,Tarmac,Championship,21,349.14,284.77,Kritis_05
Kapsalak,C3 F2,5,Kritis,21-22/10/2023,Tarmac,Championship,22,358.67,284.77,Kritis_05
Stivakta,C6 F2,5,Kritis,21-22/10/2023,Tarmac,Championship,23,364.68,284.77,Kritis_05
Aligizak,C1,6,Kritis,21-22/10/2023,Tarmac,Championship,1,287.21,287.21,Kritis_06
Anapolio,C1,6,Kritis,21-22/10/2023,Tarmac,Championship,2,287.71,287.21,Kritis_06
Peroulak,C2,6,Kritis,21-22/10/2023,Tarmac,Championship,3,298.14,287.21,Kritis_06
Ktistaki,C3 F2,6,Kritis,21-22/10/2023,Tarmac,Championship,4,300.46,287.21,Kritis_06
Konstant,C3 F2,6,Kritis,21-22/10/2023,Tarmac,Championship,5,305.26,287.21,Kritis_06
Titakis ,C3 F2,6,Kritis,21-22/10/2023,Tarmac,Championship,6,305.84,287.21,Kritis_06
Kazanas ,C2,6,Kritis,21-22/10/2023,Tarmac,Championship,7,308.99,287.21,Kritis_06
Frantzes,C3 F2,6,Kritis,21-22/10/2023,Tarmac,Championship,8,310.04,287.21,Kritis_06
Nikolida,C5 F2,6,Kritis,21-22/10/2023,Tarmac,Championship,9,310.17,287.21,Kritis_06
Kafetzak,C5 F2,6,Kritis,21-22/10/2023,Tarmac,Championship,10,314.78,287.21,Kritis_06
Perakis ,C4 F2,6,Kritis,21-22/10/2023,Tarmac,Championship,11,321.0,287.21,Kritis_06
Kakepaki,C6 F2,6,Kritis,21-22/10/2023,Tarmac,Championship,12,325.54,287.21,Kritis_06
Mihailak,C3 F2,6,Kritis,21-22/10/2023,Tarmac,Championship,13,328.38,287.21,Kritis_06
Polias M,C5 F2,6,Kritis,21-22/10/2023,Tarmac,Championship,14,331.42,287.21,Kritis_06
Maragaki,C4 F2,6,Kritis,21-22/10/2023,Tarmac,Championship,15,332.64,287.21,Kritis_06
Gobakis ,C3 F2,6,Kritis,21-22/10/2023,Tarmac,Championship,16,335.71,287.21,Kritis_06
Poulakis,C6 F2,6,Kritis,21-22/10/2023,Tarmac,Championship,17,345.7,287.21,Kritis_06
Stamatak,C6 F2,6,Kritis,21-22/10/2023,Tarmac,Championship,18,349.36,287.21,Kritis_06
Manousko,C6 F2,6,Kritis,21-22/10/2023,Tarmac,Championship,19,351.74,287.21,Kritis_06
Kapsalak,C3 F2,6,Kritis,21-22/10/2023,Tarmac,Championship,20,359.63,287.21,Kritis_06
Massiala,C6 F2,6,Kritis,21-22/10/2023,Tarmac,Championship,21,368.35,287.21,Kritis_06
Stivakta,C6 F2,6,Kritis,21-22/10/2023,Tarmac,Championship,22,387.64,287.21,Kritis_06
Anapolio,C1,7,Kritis,21-22/10/2023,Tarmac,Championship,1,285.72,285.72,Kritis_07
Aligizak,C1,7,Kritis,21-22/10/2023,Tarmac,Championship,2,285.98,285.72,Kritis_07
Peroulak,C2,7,Kritis,21-22/10/2023,Tarmac,Championship,3,295.16,285.72,Kritis_07
Ktistaki,C3 F2,7,Kritis,21-22/10/2023,Tarmac,Championship,4,296.51,285.72,Kritis_07
Titakis ,C3 F2,7,Kritis,21-22/10/2023,Tarmac,Championship,5,301.0,285.72,Kritis_07
Kazanas ,C2,7,Kritis,21-22/10/2023,Tarmac,Championship,6,302.39,285.72,Kritis_07
Nikolida,C5 F2,7,Kritis,21-22/10/2023,Tarmac,Championship,7,305.62,285.72,Kritis_07
Frantzes,C3 F2,7,Kritis,21-22/10/2023,Tarmac,Championship,8,305.97,285.72,Kritis_07
Konstant,C3 F2,7,Kritis,21-22/10/2023,Tarmac,Championship,9,307.11,285.72,Kritis_07
Kafetzak,C5 F2,7,Kritis,21-22/10/2023,Tarmac,Championship,10,311.06,285.72,Kritis_07
Kakepaki,C6 F2,7,Kritis,21-22/10/2023,Tarmac,Championship,11,318.85,285.72,Kritis_07
Perakis ,C4 F2,7,Kritis,21-22/10/2023,Tarmac,Championship,12,321.83,285.72,Kritis_07
Mihailak,C3 F2,7,Kritis,21-22/10/2023,Tarmac,Championship,13,326.05,285.72,Kritis_07
Maragaki,C4 F2,7,Kritis,21-22/10/2023,Tarmac,Championship,14,326.74,285.72,Kritis_07
Polias M,C5 F2,7,Kritis,21-22/10/2023,Tarmac,Championship,15,329.86,285.72,Kritis_07
Stamatak,C6 F2,7,Kritis,21-22/10/2023,Tarmac,Championship,16,331.03,285.72,Kritis_07
Gobakis ,C3 F2,7,Kritis,21-22/10/2023,Tarmac,Championship,17,332.8,285.72,Kritis_07
Manousko,C6 F2,7,Kritis,21-22/10/2023,Tarmac,Championship,18,335.61,285.72,Kritis_07
Poulakis,C6 F2,7,Kritis,21-22/10/2023,Tarmac,Championship,19,338.93,285.72,Kritis_07
Massiala,C6 F2,7,Kritis,21-22/10/2023,Tarmac,Championship,20,349.1,285.72,Kritis_07
Kapsalak,C3 F2,7,Kritis,21-22/10/2023,Tarmac,Championship,21,355.3,285.72,Kritis_07
Stivakta,C6 F2,7,Kritis,21-22/10/2023,Tarmac,Championship,22,378.41,285.72,Kritis_07
Aligizak,C1,8,Kritis,21-22/10/2023,Tarmac,Championship,1,284.1,284.1,Kritis_08
Anapolio,C1,8,Kritis,21-22/10/2023,Tarmac,Championship,2,286.21,284.1,Kritis_08
Peroulak,C2,8,Kritis,21-22/10/2023,Tarmac,Championship,3,293.86,284.1,Kritis_08
Ktistaki,C3 F2,8,Kritis,21-22/10/2023,Tarmac,Championship,4,296.95,284.1,Kritis_08
Titakis ,C3 F2,8,Kritis,21-22/10/2023,Tarmac,Championship,5,302.38,284.1,Kritis_08
Konstant,C3 F2,8,Kritis,21-22/10/2023,Tarmac,Championship,6,303.49,284.1,Kritis_08
Frantzes,C3 F2,8,Kritis,21-22/10/2023,Tarmac,Championship,7,306.23,284.1,Kritis_08
Kazanas ,C2,8,Kritis,21-22/10/2023,Tarmac,Championship,8,306.96,284.1,Kritis_08
Nikolida,C5 F2,8,Kritis,21-22/10/2023,Tarmac,Championship,9,310.02,284.1,Kritis_08
Perakis ,C4 F2,8,Kritis,21-22/10/2023,Tarmac,Championship,10,318.28,284.1,Kritis_08
Kakepaki,C6 F2,8,Kritis,21-22/10/2023,Tarmac,Championship,11,318.62,284.1,Kritis_08
Mihailak,C3 F2,8,Kritis,21-22/10/2023,Tarmac,Championship,12,320.95,284.1,Kritis_08
Kafetzak,C5 F2,8,Kritis,21-22/10/2023,Tarmac,Championship,13,324.94,284.1,Kritis_08
Maragaki,C4 F2,8,Kritis,21-22/10/2023,Tarmac,Championship,14,326.49,284.1,Kritis_08
Gobakis ,C3 F2,8,Kritis,21-22/10/2023,Tarmac,Championship,15,327.51,284.1,Kritis_08
Polias M,C5 F2,8,Kritis,21-22/10/2023,Tarmac,Championship,16,330.83,284.1,Kritis_08
Stamatak,C6 F2,8,Kritis,21-22/10/2023,Tarmac,Championship,17,337.58,284.1,Kritis_08
Poulakis,C6 F2,8,Kritis,21-22/10/2023,Tarmac,Championship,18,345.88,284.1,Kritis_08
Manousko,C6 F2,8,Kritis,21-22/10/2023,Tarmac,Championship,19,348.32,284.1,Kritis_08
Kapsalak,C3 F2,8,Kritis,21-22/10/2023,Tarmac,Championship,20,352.43,284.1,Kritis_08
Massiala,C6 F2,8,Kritis,21-22/10/2023,Tarmac,Championship,21,363.65,284.1,Kritis_08
Stivakta,C6 F2,8,Kritis,21-22/10/2023,Tarmac,Championship,22,386.89,284.1,Kritis_08
Tsouloft,C1,1,Livadia,2/4/2023,Gravel,cup,1,568.07,568.07,Livadia_01
Panteli ,C1,1,Livadia,2/4/2023,Gravel,cup,2,599.66,568.07,Livadia_01
Paradiss,C2,1,Livadia,2/4/2023,Gravel,cup,3,624.29,568.07,Livadia_01
Panteli ,C5 F2,1,Livadia,2/4/2023,Gravel,cup,4,643.31,568.07,Livadia_01
Tsakalos,C5 F2,1,Livadia,2/4/2023,Gravel,cup,5,654.93,568.07,Livadia_01
Davaris ,C2,1,Livadia,2/4/2023,Gravel,cup,6,668.3,568.07,Livadia_01
Antoniou,C3 F2,1,Livadia,2/4/2023,Gravel,cup,7,669.57,568.07,Livadia_01
Christod,C2,1,Livadia,2/4/2023,Gravel,cup,8,677.38,568.07,Livadia_01
Amoutzas,C3 F2,1,Livadia,2/4/2023,Gravel,cup,9,682.1,568.07,Livadia_01
Agathokl,C3 F2,1,Livadia,2/4/2023,Gravel,cup,10,688.96,568.07,Livadia_01
Chatziga,C3 F2,1,Livadia,2/4/2023,Gravel,cup,11,690.67,568.07,Livadia_01
Delaport,C5 F2,1,Livadia,2/4/2023,Gravel,cup,12,698.46,568.07,Livadia_01
Christod,4,1,Livadia,2/4/2023,Gravel,cup,13,699.13,568.07,Livadia_01
Rigas Gi,C3 F2,1,Livadia,2/4/2023,Gravel,cup,14,702.0,568.07,Livadia_01
Halivela,3 2000,1,Livadia,2/4/2023,Gravel,cup,15,703.62,568.07,Livadia_01
Xanthako,C2,1,Livadia,2/4/2023,Gravel,cup,16,707.6,568.07,Livadia_01
Paradiss,3 2000,1,Livadia,2/4/2023,Gravel,cup,17,709.46,568.07,Livadia_01
Halkias ,3 2000,1,Livadia,2/4/2023,Gravel,cup,18,710.72,568.07,Livadia_01
Athanaso,C5 F2,1,Livadia,2/4/2023,Gravel,cup,19,710.8,568.07,Livadia_01
Manetas ,C4 F2,1,Livadia,2/4/2023,Gravel,cup,20,712.15,568.07,Livadia_01
Berssis ,T,1,Livadia,2/4/2023,Gravel,cup,21,713.07,568.07,Livadia_01
Amaxopou,2 1600,1,Livadia,2/4/2023,Gravel,cup,22,716.23,568.07,Livadia_01
Basdelis,C3 F2,1,Livadia,2/4/2023,Gravel,cup,23,722.94,568.07,Livadia_01
Kalamara,C3 F2,1,Livadia,2/4/2023,Gravel,cup,24,727.97,568.07,Livadia_01
Avgeris ,C3 F2,1,Livadia,2/4/2023,Gravel,cup,25,731.49,568.07,Livadia_01
Koutsiko,3 1300,1,Livadia,2/4/2023,Gravel,cup,26,734.76,568.07,Livadia_01
Gazetas ,C6 F2,1,Livadia,2/4/2023,Gravel,cup,27,737.3,568.07,Livadia_01
Kassidop,3 1300,1,Livadia,2/4/2023,Gravel,cup,28,740.38,568.07,Livadia_01
Vorrias ,T1,1,Livadia,2/4/2023,Gravel,cup,29,740.93,568.07,Livadia_01
Manousko,C6 F2,1,Livadia,2/4/2023,Gravel,cup,30,742.66,568.07,Livadia_01
Vassilop,2 2000,1,Livadia,2/4/2023,Gravel,cup,31,747.93,568.07,Livadia_01
Giannako,C6 F2,1,Livadia,2/4/2023,Gravel,cup,32,749.18,568.07,Livadia_01
Mavragan,C4 F2,1,Livadia,2/4/2023,Gravel,cup,33,752.43,568.07,Livadia_01
Englezos,C6 F2,1,Livadia,2/4/2023,Gravel,cup,34,755.5,568.07,Livadia_01
Kanellop,C3 F2,1,Livadia,2/4/2023,Gravel,cup,35,764.07,568.07,Livadia_01
Kotsadam,C6 F2,1,Livadia,2/4/2023,Gravel,cup,36,765.15,568.07,Livadia_01
Pavli Ma,C6 F2,1,Livadia,2/4/2023,Gravel,cup,37,765.35,568.07,Livadia_01
Dodos Gi,4 1600,1,Livadia,2/4/2023,Gravel,cup,38,770.51,568.07,Livadia_01
Bakas Al,C5 F2,1,Livadia,2/4/2023,Gravel,cup,39,770.75,568.07,Livadia_01
Kourtess,C6 F2,1,Livadia,2/4/2023,Gravel,cup,40,772.31,568.07,Livadia_01
Melas D.,2,1,Livadia,2/4/2023,Gravel,cup,41,772.65,568.07,Livadia_01
Koutsouk,C4 F2,1,Livadia,2/4/2023,Gravel,cup,42,776.82,568.07,Livadia_01
Dedegika,3 2000,1,Livadia,2/4/2023,Gravel,cup,43,779.34,568.07,Livadia_01
Kofinas ,4 1600,1,Livadia,2/4/2023,Gravel,cup,44,788.35,568.07,Livadia_01
Papandre,4 1300,1,Livadia,2/4/2023,Gravel,cup,45,794.79,568.07,Livadia_01
Kansos P,4 2000,1,Livadia,2/4/2023,Gravel,cup,46,830.9,568.07,Livadia_01
Papadopo,C5 F2,1,Livadia,2/4/2023,Gravel,cup,47,861.44,568.07,Livadia_01
Ita Vita,C5 F2,1,Livadia,2/4/2023,Gravel,cup,48,864.6,568.07,Livadia_01
Ismailos,C2,1,Livadia,2/4/2023,Gravel,cup,49,1020.77,568.07,Livadia_01
Tsouloft,C1,2,Livadia,2/4/2023,Gravel,cup,1,559.87,559.87,Livadia_02
Panteli ,C1,2,Livadia,2/4/2023,Gravel,cup,2,586.6,559.87,Livadia_02
Paradiss,C2,2,Livadia,2/4/2023,Gravel,cup,3,610.07,559.87,Livadia_02
Ismailos,C2,2,Livadia,2/4/2023,Gravel,cup,4,615.8,559.87,Livadia_02
Panteli ,C5 F2,2,Livadia,2/4/2023,Gravel,cup,5,626.0,559.87,Livadia_02
Tsakalos,C5 F2,2,Livadia,2/4/2023,Gravel,cup,6,646.44,559.87,Livadia_02
Christod,C2,2,Livadia,2/4/2023,Gravel,cup,7,647.48,559.87,Livadia_02
Antoniou,C3 F2,2,Livadia,2/4/2023,Gravel,cup,8,652.64,559.87,Livadia_02
Amoutzas,C3 F2,2,Livadia,2/4/2023,Gravel,cup,9,656.35,559.87,Livadia_02
Davaris ,C2,2,Livadia,2/4/2023,Gravel,cup,10,656.41,559.87,Livadia_02
Delaport,C5 F2,2,Livadia,2/4/2023,Gravel,cup,11,656.8,559.87,Livadia_02
Chatziga,C3 F2,2,Livadia,2/4/2023,Gravel,cup,12,671.36,559.87,Livadia_02
Christod,4,2,Livadia,2/4/2023,Gravel,cup,13,679.53,559.87,Livadia_02
Athanaso,C5 F2,2,Livadia,2/4/2023,Gravel,cup,14,680.89,559.87,Livadia_02
Manetas ,C4 F2,2,Livadia,2/4/2023,Gravel,cup,15,681.04,559.87,Livadia_02
Agathokl,C3 F2,2,Livadia,2/4/2023,Gravel,cup,16,685.23,559.87,Livadia_02
Manousko,C6 F2,2,Livadia,2/4/2023,Gravel,cup,17,689.04,559.87,Livadia_02
Vorrias ,T1,2,Livadia,2/4/2023,Gravel,cup,18,691.16,559.87,Livadia_02
Paradiss,3 2000,2,Livadia,2/4/2023,Gravel,cup,19,693.92,559.87,Livadia_02
Englezos,C6 F2,2,Livadia,2/4/2023,Gravel,cup,20,697.02,559.87,Livadia_02
Kalamara,C3 F2,2,Livadia,2/4/2023,Gravel,cup,21,699.03,559.87,Livadia_02
Kanellop,C3 F2,2,Livadia,2/4/2023,Gravel,cup,22,699.05,559.87,Livadia_02
Gazetas ,C6 F2,2,Livadia,2/4/2023,Gravel,cup,23,700.5,559.87,Livadia_02
Berssis ,T,2,Livadia,2/4/2023,Gravel,cup,24,701.66,559.87,Livadia_02
Basdelis,C3 F2,2,Livadia,2/4/2023,Gravel,cup,25,702.22,559.87,Livadia_02
Amaxopou,2 1600,2,Livadia,2/4/2023,Gravel,cup,26,704.33,559.87,Livadia_02
Halivela,3 2000,2,Livadia,2/4/2023,Gravel,cup,27,706.23,559.87,Livadia_02
Melas D.,2,2,Livadia,2/4/2023,Gravel,cup,28,716.9,559.87,Livadia_02
Kotsadam,C6 F2,2,Livadia,2/4/2023,Gravel,cup,29,718.85,559.87,Livadia_02
Mavragan,C4 F2,2,Livadia,2/4/2023,Gravel,cup,30,720.17,559.87,Livadia_02
Halkias ,3 2000,2,Livadia,2/4/2023,Gravel,cup,31,720.95,559.87,Livadia_02
Kourtess,C6 F2,2,Livadia,2/4/2023,Gravel,cup,32,732.39,559.87,Livadia_02
Kassidop,3 1300,2,Livadia,2/4/2023,Gravel,cup,33,733.26,559.87,Livadia_02
Koutsiko,3 1300,2,Livadia,2/4/2023,Gravel,cup,34,736.67,559.87,Livadia_02
Dedegika,3 2000,2,Livadia,2/4/2023,Gravel,cup,35,744.99,559.87,Livadia_02
Koutsouk,C4 F2,2,Livadia,2/4/2023,Gravel,cup,36,745.3,559.87,Livadia_02
Dodos Gi,4 1600,2,Livadia,2/4/2023,Gravel,cup,37,748.14,559.87,Livadia_02
Vassilop,2 2000,2,Livadia,2/4/2023,Gravel,cup,38,753.67,559.87,Livadia_02
Kofinas ,4 1600,2,Livadia,2/4/2023,Gravel,cup,39,755.86,559.87,Livadia_02
Pavli Ma,C6 F2,2,Livadia,2/4/2023,Gravel,cup,40,756.83,559.87,Livadia_02
Papadopo,C5 F2,2,Livadia,2/4/2023,Gravel,cup,41,760.19,559.87,Livadia_02
Kansos P,4 2000,2,Livadia,2/4/2023,Gravel,cup,42,838.38,559.87,Livadia_02
Xanthako,C2,2,Livadia,2/4/2023,Gravel,cup,43,843.34,559.87,Livadia_02
Ita Vita,C5 F2,2,Livadia,2/4/2023,Gravel,cup,44,1313.87,559.87,Livadia_02
Giannako,C6 F2,2,Livadia,2/4/2023,Gravel,cup,45,1440.0,559.87,Livadia_02
Tsouloft,C1,3,Livadia,2/4/2023,Gravel,cup,1,564.22,564.22,Livadia_03
Panteli ,C1,3,Livadia,2/4/2023,Gravel,cup,2,590.43,564.22,Livadia_03
Paradiss,C2,3,Livadia,2/4/2023,Gravel,cup,3,605.54,564.22,Livadia_03
Ismailos,C2,3,Livadia,2/4/2023,Gravel,cup,4,611.2,564.22,Livadia_03
Panteli ,C5 F2,3,Livadia,2/4/2023,Gravel,cup,5,620.36,564.22,Livadia_03
Tsakalos,C5 F2,3,Livadia,2/4/2023,Gravel,cup,6,638.32,564.22,Livadia_03
Christod,C2,3,Livadia,2/4/2023,Gravel,cup,7,642.73,564.22,Livadia_03
Davaris ,C2,3,Livadia,2/4/2023,Gravel,cup,8,654.67,564.22,Livadia_03
Delaport,C5 F2,3,Livadia,2/4/2023,Gravel,cup,9,657.52,564.22,Livadia_03
Agathokl,C3 F2,3,Livadia,2/4/2023,Gravel,cup,10,665.83,564.22,Livadia_03
Chatziga,C3 F2,3,Livadia,2/4/2023,Gravel,cup,11,673.21,564.22,Livadia_03
Amoutzas,C3 F2,3,Livadia,2/4/2023,Gravel,cup,12,673.25,564.22,Livadia_03
Halivela,3 2000,3,Livadia,2/4/2023,Gravel,cup,13,677.37,564.22,Livadia_03
Athanaso,C5 F2,3,Livadia,2/4/2023,Gravel,cup,14,678.87,564.22,Livadia_03
Christod,4,3,Livadia,2/4/2023,Gravel,cup,15,681.03,564.22,Livadia_03
Manetas ,C4 F2,3,Livadia,2/4/2023,Gravel,cup,16,681.12,564.22,Livadia_03
Manousko,C6 F2,3,Livadia,2/4/2023,Gravel,cup,17,682.25,564.22,Livadia_03
Basdelis,C3 F2,3,Livadia,2/4/2023,Gravel,cup,18,683.8,564.22,Livadia_03
Amaxopou,2 1600,3,Livadia,2/4/2023,Gravel,cup,19,694.25,564.22,Livadia_03
Paradiss,3 2000,3,Livadia,2/4/2023,Gravel,cup,20,696.45,564.22,Livadia_03
Dedegika,3 2000,3,Livadia,2/4/2023,Gravel,cup,21,699.65,564.22,Livadia_03
Kanellop,C3 F2,3,Livadia,2/4/2023,Gravel,cup,22,700.08,564.22,Livadia_03
Kalamara,C3 F2,3,Livadia,2/4/2023,Gravel,cup,23,705.18,564.22,Livadia_03
Melas D.,2,3,Livadia,2/4/2023,Gravel,cup,24,705.55,564.22,Livadia_03
Mavragan,C4 F2,3,Livadia,2/4/2023,Gravel,cup,25,707.57,564.22,Livadia_03
Koutsiko,3 1300,3,Livadia,2/4/2023,Gravel,cup,26,708.34,564.22,Livadia_03
Kassidop,3 1300,3,Livadia,2/4/2023,Gravel,cup,27,719.54,564.22,Livadia_03
Kourtess,C6 F2,3,Livadia,2/4/2023,Gravel,cup,28,722.98,564.22,Livadia_03
Englezos,C6 F2,3,Livadia,2/4/2023,Gravel,cup,29,725.14,564.22,Livadia_03
Kotsadam,C6 F2,3,Livadia,2/4/2023,Gravel,cup,30,727.38,564.22,Livadia_03
Koutsouk,C4 F2,3,Livadia,2/4/2023,Gravel,cup,31,736.34,564.22,Livadia_03
Antoniou,C3 F2,3,Livadia,2/4/2023,Gravel,cup,32,746.82,564.22,Livadia_03
Pavli Ma,C6 F2,3,Livadia,2/4/2023,Gravel,cup,33,746.85,564.22,Livadia_03
Kofinas ,4 1600,3,Livadia,2/4/2023,Gravel,cup,34,750.08,564.22,Livadia_03
Dodos Gi,4 1600,3,Livadia,2/4/2023,Gravel,cup,35,758.71,564.22,Livadia_03
Vassilop,2 2000,3,Livadia,2/4/2023,Gravel,cup,36,760.12,564.22,Livadia_03
Kansos P,4 2000,3,Livadia,2/4/2023,Gravel,cup,37,838.39,564.22,Livadia_03
Tsouloft,C1,1,Olympiako,30/4/2023,Gravel,Championship,1,434.49,434.49,Olympiako_01
Papadimi,C1,1,Olympiako,30/4/2023,Gravel,Championship,2,440.12,434.49,Olympiako_01
Kehagias,C1,1,Olympiako,30/4/2023,Gravel,Championship,3,452.85,434.49,Olympiako_01
Badounas,C2,1,Olympiako,30/4/2023,Gravel,Championship,4,461.26,434.49,Olympiako_01
Kirkos P,C2,1,Olympiako,30/4/2023,Gravel,Championship,5,472.31,434.49,Olympiako_01
Panteli ,C1,1,Olympiako,30/4/2023,Gravel,Championship,6,474.8,434.49,Olympiako_01
Karaniko,C5 F2,1,Olympiako,30/4/2023,Gravel,Championship,7,479.26,434.49,Olympiako_01
Lainopou,C2,1,Olympiako,30/4/2023,Gravel,Championship,8,492.89,434.49,Olympiako_01
Dimopoul,C4 F2,1,Olympiako,30/4/2023,Gravel,Championship,9,496.26,434.49,Olympiako_01
Tzemos K,C2,1,Olympiako,30/4/2023,Gravel,Championship,10,498.24,434.49,Olympiako_01
Papadopo,C2,1,Olympiako,30/4/2023,Gravel,Championship,11,501.6,434.49,Olympiako_01
Eliopoul,C2,1,Olympiako,30/4/2023,Gravel,Championship,12,507.86,434.49,Olympiako_01
Tsoulos ,C2,1,Olympiako,30/4/2023,Gravel,Championship,13,508.45,434.49,Olympiako_01
Tsetsoni,C2,1,Olympiako,30/4/2023,Gravel,Championship,14,510.41,434.49,Olympiako_01
Theochar,C2,1,Olympiako,30/4/2023,Gravel,Championship,15,515.43,434.49,Olympiako_01
Giannako,C2,1,Olympiako,30/4/2023,Gravel,Championship,16,515.44,434.49,Olympiako_01
Lymperis,C2,1,Olympiako,30/4/2023,Gravel,Championship,17,515.7,434.49,Olympiako_01
Angelopo,C5 F2,1,Olympiako,30/4/2023,Gravel,Championship,18,520.1,434.49,Olympiako_01
Manetas ,C4 F2,1,Olympiako,30/4/2023,Gravel,Championship,19,529.28,434.49,Olympiako_01
Zounis I,C2,1,Olympiako,30/4/2023,Gravel,Championship,20,531.99,434.49,Olympiako_01
Amoutzas,C3 F2,1,Olympiako,30/4/2023,Gravel,Championship,21,533.68,434.49,Olympiako_01
Triantop,C4 F2,1,Olympiako,30/4/2023,Gravel,Championship,22,534.46,434.49,Olympiako_01
Paraskev,C5 F2,1,Olympiako,30/4/2023,Gravel,Championship,23,,434.49,Olympiako_01
Stavropo,C6 F2,1,Olympiako,30/4/2023,Gravel,Championship,24,,434.49,Olympiako_01
Simetra ,C2,1,Olympiako,30/4/2023,Gravel,Championship,25,536.86,434.49,Olympiako_01
Roinioti,C3 F2,1,Olympiako,30/4/2023,Gravel,Championship,26,537.35,434.49,Olympiako_01
Anastass,C4 F2,1,Olympiako,30/4/2023,Gravel,Championship,27,,434.49,Olympiako_01
Davaris ,C2,1,Olympiako,30/4/2023,Gravel,Championship,28,537.74,434.49,Olympiako_01
Giotis I,C4 F2,1,Olympiako,30/4/2023,Gravel,Championship,29,543.86,434.49,Olympiako_01
Delaport,C5 F2,1,Olympiako,30/4/2023,Gravel,Championship,30,544.5,434.49,Olympiako_01
Christod,C2,1,Olympiako,30/4/2023,Gravel,Championship,31,553.51,434.49,Olympiako_01
Kalamara,C3 F2,1,Olympiako,30/4/2023,Gravel,Championship,32,561.15,434.49,Olympiako_01
Tzavaras,C6 F2,1,Olympiako,30/4/2023,Gravel,Championship,33,562.77,434.49,Olympiako_01
Athanass,C6 F2,1,Olympiako,30/4/2023,Gravel,Championship,34,581.32,434.49,Olympiako_01
Yiangou ,C2,1,Olympiako,30/4/2023,Gravel,Championship,35,599.61,434.49,Olympiako_01
Kalaitzi,C3 F2,1,Olympiako,30/4/2023,Gravel,Championship,36,603.89,434.49,Olympiako_01
Koutsouk,C4 F2,1,Olympiako,30/4/2023,Gravel,Championship,37,618.95,434.49,Olympiako_01
Bris Pan,C3 F2,1,Olympiako,30/4/2023,Gravel,Championship,38,625.86,434.49,Olympiako_01
Lathouri,C4 F2,1,Olympiako,30/4/2023,Gravel,Championship,39,635.98,434.49,Olympiako_01
Mantas P,C6 F2,1,Olympiako,30/4/2023,Gravel,Championship,40,640.35,434.49,Olympiako_01
Golfinop,C5 F2,1,Olympiako,30/4/2023,Gravel,Championship,41,723.64,434.49,Olympiako_01
Tsouloft,C1,2,Olympiako,30/4/2023,Gravel,Championship,1,610.18,610.18,Olympiako_02
Papadimi,C1,2,Olympiako,30/4/2023,Gravel,Championship,2,622.76,610.18,Olympiako_02
Kehagias,C1,2,Olympiako,30/4/2023,Gravel,Championship,3,623.23,610.18,Olympiako_02
Badounas,C2,2,Olympiako,30/4/2023,Gravel,Championship,4,631.34,610.18,Olympiako_02
Kirkos P,C2,2,Olympiako,30/4/2023,Gravel,Championship,5,644.18,610.18,Olympiako_02
Papadopo,C2,2,Olympiako,30/4/2023,Gravel,Championship,6,666.74,610.18,Olympiako_02
Tzemos K,C2,2,Olympiako,30/4/2023,Gravel,Championship,7,666.94,610.18,Olympiako_02
Tsoulos ,C2,2,Olympiako,30/4/2023,Gravel,Championship,8,673.37,610.18,Olympiako_02
Eliopoul,C2,2,Olympiako,30/4/2023,Gravel,Championship,9,673.45,610.18,Olympiako_02
Karaniko,C5 F2,2,Olympiako,30/4/2023,Gravel,Championship,10,675.28,610.18,Olympiako_02
Lymperis,C2,2,Olympiako,30/4/2023,Gravel,Championship,11,676.8,610.18,Olympiako_02
Lainopou,C2,2,Olympiako,30/4/2023,Gravel,Championship,12,680.45,610.18,Olympiako_02
Panteli ,C1,2,Olympiako,30/4/2023,Gravel,Championship,13,685.51,610.18,Olympiako_02
Angelopo,C5 F2,2,Olympiako,30/4/2023,Gravel,Championship,14,687.19,610.18,Olympiako_02
Tsetsoni,C2,2,Olympiako,30/4/2023,Gravel,Championship,15,687.68,610.18,Olympiako_02
Theochar,C2,2,Olympiako,30/4/2023,Gravel,Championship,16,688.43,610.18,Olympiako_02
Dimopoul,C4 F2,2,Olympiako,30/4/2023,Gravel,Championship,17,688.49,610.18,Olympiako_02
Giannako,C2,2,Olympiako,30/4/2023,Gravel,Championship,18,695.55,610.18,Olympiako_02
Zounis I,C2,2,Olympiako,30/4/2023,Gravel,Championship,19,704.37,610.18,Olympiako_02
Amoutzas,C3 F2,2,Olympiako,30/4/2023,Gravel,Championship,20,705.35,610.18,Olympiako_02
Roinioti,C3 F2,2,Olympiako,30/4/2023,Gravel,Championship,21,706.53,610.18,Olympiako_02
Delaport,C5 F2,2,Olympiako,30/4/2023,Gravel,Championship,22,709.0,610.18,Olympiako_02
Triantop,C4 F2,2,Olympiako,30/4/2023,Gravel,Championship,23,710.4,610.18,Olympiako_02
Manetas ,C4 F2,2,Olympiako,30/4/2023,Gravel,Championship,24,710.73,610.18,Olympiako_02
Stavropo,C6 F2,2,Olympiako,30/4/2023,Gravel,Championship,25,716.37,610.18,Olympiako_02
Paraskev,C5 F2,2,Olympiako,30/4/2023,Gravel,Championship,26,718.51,610.18,Olympiako_02
Davaris ,C2,2,Olympiako,30/4/2023,Gravel,Championship,27,719.27,610.18,Olympiako_02
Simetra ,C2,2,Olympiako,30/4/2023,Gravel,Championship,28,721.6,610.18,Olympiako_02
Kalamara,C3 F2,2,Olympiako,30/4/2023,Gravel,Championship,29,727.55,610.18,Olympiako_02
Giotis I,C4 F2,2,Olympiako,30/4/2023,Gravel,Championship,30,734.2,610.18,Olympiako_02
Anastass,C4 F2,2,Olympiako,30/4/2023,Gravel,Championship,31,737.46,610.18,Olympiako_02
Tzavaras,C6 F2,2,Olympiako,30/4/2023,Gravel,Championship,32,739.98,610.18,Olympiako_02
Athanass,C6 F2,2,Olympiako,30/4/2023,Gravel,Championship,33,742.01,610.18,Olympiako_02
Yiangou ,C2,2,Olympiako,30/4/2023,Gravel,Championship,34,771.55,610.18,Olympiako_02
Kalaitzi,C3 F2,2,Olympiako,30/4/2023,Gravel,Championship,35,785.43,610.18,Olympiako_02
Bris Pan,C3 F2,2,Olympiako,30/4/2023,Gravel,Championship,36,789.13,610.18,Olympiako_02
Mantas P,C6 F2,2,Olympiako,30/4/2023,Gravel,Championship,37,791.37,610.18,Olympiako_02
Koutsouk,C4 F2,2,Olympiako,30/4/2023,Gravel,Championship,38,798.55,610.18,Olympiako_02
Golfinop,C5 F2,2,Olympiako,30/4/2023,Gravel,Championship,39,898.15,610.18,Olympiako_02
Tsouloft,C1,3,Olympiako,30/4/2023,Gravel,Championship,1,429.57,429.57,Olympiako_03
Kehagias,C1,3,Olympiako,30/4/2023,Gravel,Championship,2,436.36,429.57,Olympiako_03
Kirkos P,C2,3,Olympiako,30/4/2023,Gravel,Championship,3,458.25,429.57,Olympiako_03
Panteli ,C1,3,Olympiako,30/4/2023,Gravel,Championship,4,459.54,429.57,Olympiako_03
Badounas,C2,3,Olympiako,30/4/2023,Gravel,Championship,5,462.29,429.57,Olympiako_03
Karaniko,C5 F2,3,Olympiako,30/4/2023,Gravel,Championship,6,475.19,429.57,Olympiako_03
Tzemos K,C2,3,Olympiako,30/4/2023,Gravel,Championship,7,478.11,429.57,Olympiako_03
Tsetsoni,C2,3,Olympiako,30/4/2023,Gravel,Championship,8,481.44,429.57,Olympiako_03
Papadopo,C2,3,Olympiako,30/4/2023,Gravel,Championship,9,484.95,429.57,Olympiako_03
Eliopoul,C2,3,Olympiako,30/4/2023,Gravel,Championship,10,495.95,429.57,Olympiako_03
Angelopo,C5 F2,3,Olympiako,30/4/2023,Gravel,Championship,11,500.91,429.57,Olympiako_03
Tsoulos ,C2,3,Olympiako,30/4/2023,Gravel,Championship,12,504.7,429.57,Olympiako_03
Lymperis,C2,3,Olympiako,30/4/2023,Gravel,Championship,13,505.66,429.57,Olympiako_03
Theochar,C2,3,Olympiako,30/4/2023,Gravel,Championship,14,508.11,429.57,Olympiako_03
Amoutzas,C3 F2,3,Olympiako,30/4/2023,Gravel,Championship,15,513.85,429.57,Olympiako_03
Giannako,C2,3,Olympiako,30/4/2023,Gravel,Championship,16,515.32,429.57,Olympiako_03
Roinioti,C3 F2,3,Olympiako,30/4/2023,Gravel,Championship,17,516.4,429.57,Olympiako_03
Simetra ,C2,3,Olympiako,30/4/2023,Gravel,Championship,18,519.26,429.57,Olympiako_03
Zounis I,C2,3,Olympiako,30/4/2023,Gravel,Championship,19,522.59,429.57,Olympiako_03
Triantop,C4 F2,3,Olympiako,30/4/2023,Gravel,Championship,20,522.69,429.57,Olympiako_03
Paraskev,C5 F2,3,Olympiako,30/4/2023,Gravel,Championship,21,522.99,429.57,Olympiako_03
Stavropo,C6 F2,3,Olympiako,30/4/2023,Gravel,Championship,22,523.58,429.57,Olympiako_03
Manetas ,C4 F2,3,Olympiako,30/4/2023,Gravel,Championship,23,530.92,429.57,Olympiako_03
Giotis I,C4 F2,3,Olympiako,30/4/2023,Gravel,Championship,24,532.9,429.57,Olympiako_03
Delaport,C5 F2,3,Olympiako,30/4/2023,Gravel,Championship,25,539.03,429.57,Olympiako_03
Davaris ,C2,3,Olympiako,30/4/2023,Gravel,Championship,26,542.94,429.57,Olympiako_03
Kalamara,C3 F2,3,Olympiako,30/4/2023,Gravel,Championship,27,545.67,429.57,Olympiako_03
Tzavaras,C6 F2,3,Olympiako,30/4/2023,Gravel,Championship,28,548.49,429.57,Olympiako_03
Athanass,C6 F2,3,Olympiako,30/4/2023,Gravel,Championship,29,549.69,429.57,Olympiako_03
Anastass,C4 F2,3,Olympiako,30/4/2023,Gravel,Championship,30,551.51,429.57,Olympiako_03
Yiangou ,C2,3,Olympiako,30/4/2023,Gravel,Championship,31,567.03,429.57,Olympiako_03
Kalaitzi,C3 F2,3,Olympiako,30/4/2023,Gravel,Championship,32,583.33,429.57,Olympiako_03
Bris Pan,C3 F2,3,Olympiako,30/4/2023,Gravel,Championship,33,600.78,429.57,Olympiako_03
Koutsouk,C4 F2,3,Olympiako,30/4/2023,Gravel,Championship,34,601.01,429.57,Olympiako_03
Mantas P,C6 F2,3,Olympiako,30/4/2023,Gravel,Championship,35,611.32,429.57,Olympiako_03
Golfinop,C5 F2,3,Olympiako,30/4/2023,Gravel,Championship,36,694.13,429.57,Olympiako_03
Tsouloft,C1,4,Olympiako,30/4/2023,Gravel,Championship,1,602.36,602.36,Olympiako_04
Kehagias,C1,4,Olympiako,30/4/2023,Gravel,Championship,2,610.26,602.36,Olympiako_04
Panteli ,C1,4,Olympiako,30/4/2023,Gravel,Championship,3,627.63,602.36,Olympiako_04
Badounas,C2,4,Olympiako,30/4/2023,Gravel,Championship,4,628.92,602.36,Olympiako_04
Kirkos P,C2,4,Olympiako,30/4/2023,Gravel,Championship,5,633.7,602.36,Olympiako_04
Tzemos K,C2,4,Olympiako,30/4/2023,Gravel,Championship,6,651.14,602.36,Olympiako_04
Karaniko,C5 F2,4,Olympiako,30/4/2023,Gravel,Championship,7,671.36,602.36,Olympiako_04
Eliopoul,C2,4,Olympiako,30/4/2023,Gravel,Championship,8,672.36,602.36,Olympiako_04
Tsetsoni,C2,4,Olympiako,30/4/2023,Gravel,Championship,9,674.94,602.36,Olympiako_04
Tsoulos ,C2,4,Olympiako,30/4/2023,Gravel,Championship,10,675.14,602.36,Olympiako_04
Angelopo,C5 F2,4,Olympiako,30/4/2023,Gravel,Championship,11,676.02,602.36,Olympiako_04
Theochar,C2,4,Olympiako,30/4/2023,Gravel,Championship,12,676.06,602.36,Olympiako_04
Giannako,C2,4,Olympiako,30/4/2023,Gravel,Championship,13,683.31,602.36,Olympiako_04
Lymperis,C2,4,Olympiako,30/4/2023,Gravel,Championship,14,683.84,602.36,Olympiako_04
Amoutzas,C3 F2,4,Olympiako,30/4/2023,Gravel,Championship,15,684.68,602.36,Olympiako_04
Roinioti,C3 F2,4,Olympiako,30/4/2023,Gravel,Championship,16,689.65,602.36,Olympiako_04
Delaport,C5 F2,4,Olympiako,30/4/2023,Gravel,Championship,17,697.14,602.36,Olympiako_04
Manetas ,C4 F2,4,Olympiako,30/4/2023,Gravel,Championship,18,702.92,602.36,Olympiako_04
Triantop,C4 F2,4,Olympiako,30/4/2023,Gravel,Championship,19,708.75,602.36,Olympiako_04
Simetra ,C2,4,Olympiako,30/4/2023,Gravel,Championship,20,709.21,602.36,Olympiako_04
Zounis I,C2,4,Olympiako,30/4/2023,Gravel,Championship,21,709.44,602.36,Olympiako_04
Stavropo,C6 F2,4,Olympiako,30/4/2023,Gravel,Championship,22,713.57,602.36,Olympiako_04
Davaris ,C2,4,Olympiako,30/4/2023,Gravel,Championship,23,715.06,602.36,Olympiako_04
Paraskev,C5 F2,4,Olympiako,30/4/2023,Gravel,Championship,24,717.63,602.36,Olympiako_04
Anastass,C4 F2,4,Olympiako,30/4/2023,Gravel,Championship,25,721.38,602.36,Olympiako_04
Giotis I,C4 F2,4,Olympiako,30/4/2023,Gravel,Championship,26,724.32,602.36,Olympiako_04
Tzavaras,C6 F2,4,Olympiako,30/4/2023,Gravel,Championship,27,724.53,602.36,Olympiako_04
Kalamara,C3 F2,4,Olympiako,30/4/2023,Gravel,Championship,28,724.94,602.36,Olympiako_04
Athanass,C6 F2,4,Olympiako,30/4/2023,Gravel,Championship,29,729.71,602.36,Olympiako_04
Yiangou ,C2,4,Olympiako,30/4/2023,Gravel,Championship,30,746.05,602.36,Olympiako_04
Kalaitzi,C3 F2,4,Olympiako,30/4/2023,Gravel,Championship,31,768.6,602.36,Olympiako_04
Mantas P,C6 F2,4,Olympiako,30/4/2023,Gravel,Championship,32,771.95,602.36,Olympiako_04
Koutsouk,C4 F2,4,Olympiako,30/4/2023,Gravel,Championship,33,772.07,602.36,Olympiako_04
Bris Pan,C3 F2,4,Olympiako,30/4/2023,Gravel,Championship,34,773.5,602.36,Olympiako_04
Golfinop,C5 F2,4,Olympiako,30/4/2023,Gravel,Championship,35,892.95,602.36,Olympiako_04
Papadopo,C2,4,Olympiako,30/4/2023,Gravel,Championship,36,944.72,602.36,Olympiako_04
Tsouloft,C1,5,Olympiako,30/4/2023,Gravel,Championship,1,604.92,604.92,Olympiako_05
Kirkos P,C2,5,Olympiako,30/4/2023,Gravel,Championship,2,624.45,604.92,Olympiako_05
Badounas,C2,5,Olympiako,30/4/2023,Gravel,Championship,3,630.03,604.92,Olympiako_05
Kehagias,C1,5,Olympiako,30/4/2023,Gravel,Championship,4,632.38,604.92,Olympiako_05
Tzemos K,C2,5,Olympiako,30/4/2023,Gravel,Championship,5,649.72,604.92,Olympiako_05
Karaniko,C5 F2,5,Olympiako,30/4/2023,Gravel,Championship,6,664.38,604.92,Olympiako_05
Papadopo,C2,5,Olympiako,30/4/2023,Gravel,Championship,7,672.09,604.92,Olympiako_05
Eliopoul,C2,5,Olympiako,30/4/2023,Gravel,Championship,8,674.83,604.92,Olympiako_05
Theochar,C2,5,Olympiako,30/4/2023,Gravel,Championship,9,677.04,604.92,Olympiako_05
Tsoulos ,C2,5,Olympiako,30/4/2023,Gravel,Championship,10,682.84,604.92,Olympiako_05
Giannako,C2,5,Olympiako,30/4/2023,Gravel,Championship,11,682.84,604.92,Olympiako_05
Amoutzas,C3 F2,5,Olympiako,30/4/2023,Gravel,Championship,12,686.95,604.92,Olympiako_05
Tsetsoni,C2,5,Olympiako,30/4/2023,Gravel,Championship,13,687.46,604.92,Olympiako_05
Lymperis,C2,5,Olympiako,30/4/2023,Gravel,Championship,14,689.79,604.92,Olympiako_05
Roinioti,C3 F2,5,Olympiako,30/4/2023,Gravel,Championship,15,692.92,604.92,Olympiako_05
Angelopo,C5 F2,5,Olympiako,30/4/2023,Gravel,Championship,16,694.68,604.92,Olympiako_05
Delaport,C5 F2,5,Olympiako,30/4/2023,Gravel,Championship,17,700.61,604.92,Olympiako_05
Davaris ,C2,5,Olympiako,30/4/2023,Gravel,Championship,18,702.31,604.92,Olympiako_05
Simetra ,C2,5,Olympiako,30/4/2023,Gravel,Championship,19,707.87,604.92,Olympiako_05
Manetas ,C4 F2,5,Olympiako,30/4/2023,Gravel,Championship,20,707.87,604.92,Olympiako_05
Triantop,C4 F2,5,Olympiako,30/4/2023,Gravel,Championship,21,710.55,604.92,Olympiako_05
Zounis I,C2,5,Olympiako,30/4/2023,Gravel,Championship,22,712.33,604.92,Olympiako_05
Paraskev,C5 F2,5,Olympiako,30/4/2023,Gravel,Championship,23,714.63,604.92,Olympiako_05
Anastass,C4 F2,5,Olympiako,30/4/2023,Gravel,Championship,24,717.84,604.92,Olympiako_05
Kalamara,C3 F2,5,Olympiako,30/4/2023,Gravel,Championship,25,723.33,604.92,Olympiako_05
Tzavaras,C6 F2,5,Olympiako,30/4/2023,Gravel,Championship,26,724.0,604.92,Olympiako_05
Stavropo,C6 F2,5,Olympiako,30/4/2023,Gravel,Championship,27,725.21,604.92,Olympiako_05
Athanass,C6 F2,5,Olympiako,30/4/2023,Gravel,Championship,28,744.54,604.92,Olympiako_05
Giotis I,C4 F2,5,Olympiako,30/4/2023,Gravel,Championship,29,745.01,604.92,Olympiako_05
Yiangou ,C2,5,Olympiako,30/4/2023,Gravel,Championship,30,752.23,604.92,Olympiako_05
Koutsouk,C4 F2,5,Olympiako,30/4/2023,Gravel,Championship,31,781.87,604.92,Olympiako_05
Mantas P,C6 F2,5,Olympiako,30/4/2023,Gravel,Championship,32,793.23,604.92,Olympiako_05
Kalaitzi,C3 F2,5,Olympiako,30/4/2023,Gravel,Championship,33,795.69,604.92,Olympiako_05
Bris Pan,C3 F2,5,Olympiako,30/4/2023,Gravel,Championship,34,801.78,604.92,Olympiako_05
Tsouloft,C1,6,Olympiako,30/4/2023,Gravel,Championship,1,594.73,594.73,Olympiako_06
Kehagias,C1,6,Olympiako,30/4/2023,Gravel,Championship,2,630.72,594.73,Olympiako_06
Badounas,C2,6,Olympiako,30/4/2023,Gravel,Championship,3,637.05,594.73,Olympiako_06
Kirkos P,C2,6,Olympiako,30/4/2023,Gravel,Championship,4,648.53,594.73,Olympiako_06
Papadopo,C2,6,Olympiako,30/4/2023,Gravel,Championship,5,656.25,594.73,Olympiako_06
Tzemos K,C2,6,Olympiako,30/4/2023,Gravel,Championship,6,657.65,594.73,Olympiako_06
Karaniko,C5 F2,6,Olympiako,30/4/2023,Gravel,Championship,7,660.83,594.73,Olympiako_06
Tsoulos ,C2,6,Olympiako,30/4/2023,Gravel,Championship,8,667.52,594.73,Olympiako_06
Tsetsoni,C2,6,Olympiako,30/4/2023,Gravel,Championship,9,678.98,594.73,Olympiako_06
Angelopo,C5 F2,6,Olympiako,30/4/2023,Gravel,Championship,10,693.08,594.73,Olympiako_06
Giannako,C2,6,Olympiako,30/4/2023,Gravel,Championship,11,696.31,594.73,Olympiako_06
Stavropo,C6 F2,6,Olympiako,30/4/2023,Gravel,Championship,12,698.92,594.73,Olympiako_06
Amoutzas,C3 F2,6,Olympiako,30/4/2023,Gravel,Championship,13,704.43,594.73,Olympiako_06
Simetra ,C2,6,Olympiako,30/4/2023,Gravel,Championship,14,705.32,594.73,Olympiako_06
Theochar,C2,6,Olympiako,30/4/2023,Gravel,Championship,15,708.84,594.73,Olympiako_06
Manetas ,C4 F2,6,Olympiako,30/4/2023,Gravel,Championship,16,710.04,594.73,Olympiako_06
Delaport,C5 F2,6,Olympiako,30/4/2023,Gravel,Championship,17,714.16,594.73,Olympiako_06
Paraskev,C5 F2,6,Olympiako,30/4/2023,Gravel,Championship,18,715.15,594.73,Olympiako_06
Anastass,C4 F2,6,Olympiako,30/4/2023,Gravel,Championship,19,718.58,594.73,Olympiako_06
Tzavaras,C6 F2,6,Olympiako,30/4/2023,Gravel,Championship,20,718.96,594.73,Olympiako_06
Roinioti,C3 F2,6,Olympiako,30/4/2023,Gravel,Championship,21,719.39,594.73,Olympiako_06
Giotis I,C4 F2,6,Olympiako,30/4/2023,Gravel,Championship,22,721.36,594.73,Olympiako_06
Davaris ,C2,6,Olympiako,30/4/2023,Gravel,Championship,23,725.7,594.73,Olympiako_06
Zounis I,C2,6,Olympiako,30/4/2023,Gravel,Championship,24,730.82,594.73,Olympiako_06
Triantop,C4 F2,6,Olympiako,30/4/2023,Gravel,Championship,25,744.23,594.73,Olympiako_06
Athanass,C6 F2,6,Olympiako,30/4/2023,Gravel,Championship,26,758.92,594.73,Olympiako_06
Kalamara,C3 F2,6,Olympiako,30/4/2023,Gravel,Championship,27,771.43,594.73,Olympiako_06
Yiangou ,C2,6,Olympiako,30/4/2023,Gravel,Championship,28,779.52,594.73,Olympiako_06
Bris Pan,C3 F2,6,Olympiako,30/4/2023,Gravel,Championship,29,791.69,594.73,Olympiako_06
Kalaitzi,C3 F2,6,Olympiako,30/4/2023,Gravel,Championship,30,809.84,594.73,Olympiako_06
Koutsouk,C4 F2,6,Olympiako,30/4/2023,Gravel,Championship,31,825.85,594.73,Olympiako_06
Mantas P,C6 F2,6,Olympiako,30/4/2023,Gravel,Championship,32,835.65,594.73,Olympiako_06
Koukeas ,C1,1,Palladio,2/12/2023,Tarmac,Cup,1,124.47,124.47,Palladio_01
Avgeropo,C4 F2,1,Palladio,2/12/2023,Tarmac,Cup,2,125.13,124.47,Palladio_01
Zakheos ,C3 F2,1,Palladio,2/12/2023,Tarmac,Cup,3,130.62,124.47,Palladio_01
Karathan,C5 F2,1,Palladio,2/12/2023,Tarmac,Cup,4,130.62,124.47,Palladio_01
Kandilio,C3 F2,1,Palladio,2/12/2023,Tarmac,Cup,5,130.62,124.47,Palladio_01
Gyzis Io,C3 F2,1,Palladio,2/12/2023,Tarmac,Cup,6,130.62,124.47,Palladio_01
Moschos ,C3 F2,1,Palladio,2/12/2023,Tarmac,Cup,7,130.62,124.47,Palladio_01
Margaron,C3 F2,1,Palladio,2/12/2023,Tarmac,Cup,8,130.62,124.47,Palladio_01
Kapralos,C3 F2,1,Palladio,2/12/2023,Tarmac,Cup,9,130.62,124.47,Palladio_01
Rekkas V,C6 F2,1,Palladio,2/12/2023,Tarmac,Cup,10,130.62,124.47,Palladio_01
Dekas Gi,C4 F2,1,Palladio,2/12/2023,Tarmac,Cup,11,130.62,124.47,Palladio_01
Zois Dim,C5 F2,1,Palladio,2/12/2023,Tarmac,Cup,12,130.62,124.47,Palladio_01
Papalouk,C5 F2,1,Palladio,2/12/2023,Tarmac,Cup,13,130.62,124.47,Palladio_01
Kondilis,C5 F2,1,Palladio,2/12/2023,Tarmac,Cup,14,130.62,124.47,Palladio_01
Rekkas P,C6 F2,1,Palladio,2/12/2023,Tarmac,Cup,15,130.62,124.47,Palladio_01
Benoukas,C6 F2,1,Palladio,2/12/2023,Tarmac,Cup,16,130.62,124.47,Palladio_01
Dekas K.,C4 F2,1,Palladio,2/12/2023,Tarmac,Cup,17,130.62,124.47,Palladio_01
Kalaitzi,C4 F2,1,Palladio,2/12/2023,Tarmac,Cup,18,130.62,124.47,Palladio_01
Tiros Ni,C6 F2,1,Palladio,2/12/2023,Tarmac,Cup,19,130.62,124.47,Palladio_01
Kouniaki,C6 F2,1,Palladio,2/12/2023,Tarmac,Cup,20,130.62,124.47,Palladio_01
Stamatak,C6 F2,1,Palladio,2/12/2023,Tarmac,Cup,21,130.62,124.47,Palladio_01
Chrissaf,C6 F2,1,Palladio,2/12/2023,Tarmac,Cup,22,130.62,124.47,Palladio_01
Pakkos F,C3 F2,1,Palladio,2/12/2023,Tarmac,Cup,23,130.62,124.47,Palladio_01
Stafilop,4 2000+,1,Palladio,2/12/2023,Tarmac,Cup,24,130.62,124.47,Palladio_01
Melas D.,2,1,Palladio,2/12/2023,Tarmac,Cup,25,130.62,124.47,Palladio_01
Katsikas,3 2000,1,Palladio,2/12/2023,Tarmac,Cup,26,130.62,124.47,Palladio_01
Papazogl,4 2000+,1,Palladio,2/12/2023,Tarmac,Cup,27,130.62,124.47,Palladio_01
Gavriili,4 2000+,1,Palladio,2/12/2023,Tarmac,Cup,28,130.62,124.47,Palladio_01
Halivela,3 2000,1,Palladio,2/12/2023,Tarmac,Cup,29,130.62,124.47,Palladio_01
Gerovass,4 2000,1,Palladio,2/12/2023,Tarmac,Cup,30,130.62,124.47,Palladio_01
Tsalamat,4,1,Palladio,2/12/2023,Tarmac,Cup,31,130.62,124.47,Palladio_01
Nomikos ,C1,1,Palladio,2/12/2023,Tarmac,Cup,32,136.6,124.47,Palladio_01
Moschos ,C3 F2,2,Palladio,2/12/2023,Tarmac,Cup,1,322.16,322.16,Palladio_02
Stafilop,4 2000+,2,Palladio,2/12/2023,Tarmac,Cup,2,328.88,322.16,Palladio_02
Koukeas ,C1,2,Palladio,2/12/2023,Tarmac,Cup,3,336.09000000000003,322.16,Palladio_02
Avgeropo,C4 F2,2,Palladio,2/12/2023,Tarmac,Cup,4,343.21,322.16,Palladio_02
Kapralos,C3 F2,2,Palladio,2/12/2023,Tarmac,Cup,5,350.21,322.16,Palladio_02
Karathan,C5 F2,2,Palladio,2/12/2023,Tarmac,Cup,6,351.69,322.16,Palladio_02
Nomikos ,C1,2,Palladio,2/12/2023,Tarmac,Cup,7,354.22,322.16,Palladio_02
Katsikas,3 2000,2,Palladio,2/12/2023,Tarmac,Cup,8,357.19,322.16,Palladio_02
Margaron,C3 F2,2,Palladio,2/12/2023,Tarmac,Cup,9,357.54,322.16,Palladio_02
Rekkas P,C6 F2,2,Palladio,2/12/2023,Tarmac,Cup,10,357.77,322.16,Palladio_02
Kandilio,C3 F2,2,Palladio,2/12/2023,Tarmac,Cup,11,361.24,322.16,Palladio_02
Tiros Ni,C6 F2,2,Palladio,2/12/2023,Tarmac,Cup,12,364.29,322.16,Palladio_02
Kondilis,C5 F2,2,Palladio,2/12/2023,Tarmac,Cup,13,364.79,322.16,Palladio_02
Papalouk,C5 F2,2,Palladio,2/12/2023,Tarmac,Cup,14,364.8,322.16,Palladio_02
Zois Dim,C5 F2,2,Palladio,2/12/2023,Tarmac,Cup,15,364.98,322.16,Palladio_02
Benoukas,C6 F2,2,Palladio,2/12/2023,Tarmac,Cup,16,365.56,322.16,Palladio_02
Stamatak,C6 F2,2,Palladio,2/12/2023,Tarmac,Cup,17,370.23,322.16,Palladio_02
Rekkas V,C6 F2,2,Palladio,2/12/2023,Tarmac,Cup,18,370.27,322.16,Palladio_02
Kalaitzi,C4 F2,2,Palladio,2/12/2023,Tarmac,Cup,19,371.23,322.16,Palladio_02
Gerovass,4 2000,2,Palladio,2/12/2023,Tarmac,Cup,20,381.29,322.16,Palladio_02
Melas D.,2,2,Palladio,2/12/2023,Tarmac,Cup,21,382.66,322.16,Palladio_02
Gavriili,4 2000+,2,Palladio,2/12/2023,Tarmac,Cup,22,383.84,322.16,Palladio_02
Tsalamat,4,2,Palladio,2/12/2023,Tarmac,Cup,23,385.39,322.16,Palladio_02
Halivela,3 2000,2,Palladio,2/12/2023,Tarmac,Cup,24,387.9,322.16,Palladio_02
Papazogl,4 2000+,2,Palladio,2/12/2023,Tarmac,Cup,25,388.93,322.16,Palladio_02
Kouniaki,C6 F2,2,Palladio,2/12/2023,Tarmac,Cup,26,390.8,322.16,Palladio_02
Pakkos F,C3 F2,2,Palladio,2/12/2023,Tarmac,Cup,27,423.93,322.16,Palladio_02
Chrissaf,C6 F2,2,Palladio,2/12/2023,Tarmac,Cup,28,497.0,322.16,Palladio_02
Moschos ,C3 F2,3,Palladio,2/12/2023,Tarmac,Cup,1,237.9,237.9,Palladio_03
Avgeropo,C4 F2,3,Palladio,2/12/2023,Tarmac,Cup,2,241.94,237.9,Palladio_03
Stafilop,4 2000+,3,Palladio,2/12/2023,Tarmac,Cup,3,243.82,237.9,Palladio_03
Koukeas ,C1,3,Palladio,2/12/2023,Tarmac,Cup,4,253.01,237.9,Palladio_03
Nomikos ,C1,3,Palladio,2/12/2023,Tarmac,Cup,5,260.38,237.9,Palladio_03
Margaron,C3 F2,3,Palladio,2/12/2023,Tarmac,Cup,6,261.17,237.9,Palladio_03
Karathan,C5 F2,3,Palladio,2/12/2023,Tarmac,Cup,7,263.0,237.9,Palladio_03
Rekkas V,C6 F2,3,Palladio,2/12/2023,Tarmac,Cup,8,263.35,237.9,Palladio_03
Rekkas P,C6 F2,3,Palladio,2/12/2023,Tarmac,Cup,9,263.79,237.9,Palladio_03
Kandilio,C3 F2,3,Palladio,2/12/2023,Tarmac,Cup,10,264.75,237.9,Palladio_03
Tiros Ni,C6 F2,3,Palladio,2/12/2023,Tarmac,Cup,11,265.14,237.9,Palladio_03
Stamatak,C6 F2,3,Palladio,2/12/2023,Tarmac,Cup,12,266.09,237.9,Palladio_03
Katsikas,3 2000,3,Palladio,2/12/2023,Tarmac,Cup,13,267.47,237.9,Palladio_03
Kondilis,C5 F2,3,Palladio,2/12/2023,Tarmac,Cup,14,270.1,237.9,Palladio_03
Papalouk,C5 F2,3,Palladio,2/12/2023,Tarmac,Cup,15,270.73,237.9,Palladio_03
Zois Dim,C5 F2,3,Palladio,2/12/2023,Tarmac,Cup,16,274.71,237.9,Palladio_03
Benoukas,C6 F2,3,Palladio,2/12/2023,Tarmac,Cup,17,278.1,237.9,Palladio_03
Kalaitzi,C4 F2,3,Palladio,2/12/2023,Tarmac,Cup,18,278.8,237.9,Palladio_03
Kapralos,C3 F2,3,Palladio,2/12/2023,Tarmac,Cup,19,280.39,237.9,Palladio_03
Gerovass,4 2000,3,Palladio,2/12/2023,Tarmac,Cup,20,283.46,237.9,Palladio_03
Tsalamat,4,3,Palladio,2/12/2023,Tarmac,Cup,21,286.52,237.9,Palladio_03
Melas D.,2,3,Palladio,2/12/2023,Tarmac,Cup,22,287.26,237.9,Palladio_03
Halivela,3 2000,3,Palladio,2/12/2023,Tarmac,Cup,23,287.85,237.9,Palladio_03
Papazogl,4 2000+,3,Palladio,2/12/2023,Tarmac,Cup,24,292.31,237.9,Palladio_03
Gavriili,4 2000+,3,Palladio,2/12/2023,Tarmac,Cup,25,293.32,237.9,Palladio_03
Kouniaki,C6 F2,3,Palladio,2/12/2023,Tarmac,Cup,26,303.66,237.9,Palladio_03
Pakkos F,C3 F2,3,Palladio,2/12/2023,Tarmac,Cup,27,313.44,237.9,Palladio_03
Chrissaf,C6 F2,3,Palladio,2/12/2023,Tarmac,Cup,28,344.42,237.9,Palladio_03
Koukeas ,C1,4,Palladio,2/12/2023,Tarmac,Cup,1,122.62,122.62,Palladio_04
Moschos ,C3 F2,4,Palladio,2/12/2023,Tarmac,Cup,2,123.14,122.62,Palladio_04
Avgeropo,C4 F2,4,Palladio,2/12/2023,Tarmac,Cup,3,124.62,122.62,Palladio_04
Kapralos,C3 F2,4,Palladio,2/12/2023,Tarmac,Cup,4,128.49,122.62,Palladio_04
Stafilop,4 2000+,4,Palladio,2/12/2023,Tarmac,Cup,5,130.14,122.62,Palladio_04
Nomikos ,C1,4,Palladio,2/12/2023,Tarmac,Cup,6,131.58,122.62,Palladio_04
Tiros Ni,C6 F2,4,Palladio,2/12/2023,Tarmac,Cup,7,134.0,122.62,Palladio_04
Karathan,C5 F2,4,Palladio,2/12/2023,Tarmac,Cup,8,134.87,122.62,Palladio_04
Rekkas P,C6 F2,4,Palladio,2/12/2023,Tarmac,Cup,9,134.95,122.62,Palladio_04
Stamatak,C6 F2,4,Palladio,2/12/2023,Tarmac,Cup,10,135.21,122.62,Palladio_04
Kandilio,C3 F2,4,Palladio,2/12/2023,Tarmac,Cup,11,135.26,122.62,Palladio_04
Kalaitzi,C4 F2,4,Palladio,2/12/2023,Tarmac,Cup,12,136.85,122.62,Palladio_04
Katsikas,3 2000,4,Palladio,2/12/2023,Tarmac,Cup,13,137.69,122.62,Palladio_04
Rekkas V,C6 F2,4,Palladio,2/12/2023,Tarmac,Cup,14,137.74,122.62,Palladio_04
Papalouk,C5 F2,4,Palladio,2/12/2023,Tarmac,Cup,15,140.04,122.62,Palladio_04
Zois Dim,C5 F2,4,Palladio,2/12/2023,Tarmac,Cup,16,141.07,122.62,Palladio_04
Tsalamat,4,4,Palladio,2/12/2023,Tarmac,Cup,17,141.12,122.62,Palladio_04
Kondilis,C5 F2,4,Palladio,2/12/2023,Tarmac,Cup,18,143.12,122.62,Palladio_04
Melas D.,2,4,Palladio,2/12/2023,Tarmac,Cup,19,144.12,122.62,Palladio_04
Benoukas,C6 F2,4,Palladio,2/12/2023,Tarmac,Cup,20,144.56,122.62,Palladio_04
Gerovass,4 2000,4,Palladio,2/12/2023,Tarmac,Cup,21,145.84,122.62,Palladio_04
Halivela,3 2000,4,Palladio,2/12/2023,Tarmac,Cup,22,147.15,122.62,Palladio_04
Papazogl,4 2000+,4,Palladio,2/12/2023,Tarmac,Cup,23,147.8,122.62,Palladio_04
Gavriili,4 2000+,4,Palladio,2/12/2023,Tarmac,Cup,24,149.82999999999998,122.62,Palladio_04
Margaron,C3 F2,4,Palladio,2/12/2023,Tarmac,Cup,25,161.57,122.62,Palladio_04
Pakkos F,C3 F2,4,Palladio,2/12/2023,Tarmac,Cup,26,163.44,122.62,Palladio_04
Chrissaf,C6 F2,4,Palladio,2/12/2023,Tarmac,Cup,27,189.46,122.62,Palladio_04
Avgeropo,C4 F2,5,Palladio,2/12/2023,Tarmac,Cup,1,324.18,324.18,Palladio_05
Stafilop,4 2000+,5,Palladio,2/12/2023,Tarmac,Cup,2,328.94,324.18,Palladio_05
Kapralos,C3 F2,5,Palladio,2/12/2023,Tarmac,Cup,3,335.89,324.18,Palladio_05
Karathan,C5 F2,5,Palladio,2/12/2023,Tarmac,Cup,4,340.9,324.18,Palladio_05
Nomikos ,C1,5,Palladio,2/12/2023,Tarmac,Cup,5,342.94,324.18,Palladio_05
Rekkas P,C6 F2,5,Palladio,2/12/2023,Tarmac,Cup,6,349.74,324.18,Palladio_05
Rekkas V,C6 F2,5,Palladio,2/12/2023,Tarmac,Cup,7,352.91,324.18,Palladio_05
Margaron,C3 F2,5,Palladio,2/12/2023,Tarmac,Cup,8,353.25,324.18,Palladio_05
Katsikas,3 2000,5,Palladio,2/12/2023,Tarmac,Cup,9,353.41,324.18,Palladio_05
Moschos ,C3 F2,5,Palladio,2/12/2023,Tarmac,Cup,10,353.48,324.18,Palladio_05
Tiros Ni,C6 F2,5,Palladio,2/12/2023,Tarmac,Cup,11,355.15,324.18,Palladio_05
Benoukas,C6 F2,5,Palladio,2/12/2023,Tarmac,Cup,12,355.35,324.18,Palladio_05
Kandilio,C3 F2,5,Palladio,2/12/2023,Tarmac,Cup,13,356.97,324.18,Palladio_05
Stamatak,C6 F2,5,Palladio,2/12/2023,Tarmac,Cup,14,357.04,324.18,Palladio_05
Kalaitzi,C4 F2,5,Palladio,2/12/2023,Tarmac,Cup,15,358.24,324.18,Palladio_05
Kondilis,C5 F2,5,Palladio,2/12/2023,Tarmac,Cup,16,364.76,324.18,Palladio_05
Koukeas ,C1,5,Palladio,2/12/2023,Tarmac,Cup,17,365.81,324.18,Palladio_05
Papazogl,4 2000+,5,Palladio,2/12/2023,Tarmac,Cup,18,371.31,324.18,Palladio_05
Zois Dim,C5 F2,5,Palladio,2/12/2023,Tarmac,Cup,19,374.7,324.18,Palladio_05
Tsalamat,4,5,Palladio,2/12/2023,Tarmac,Cup,20,375.06,324.18,Palladio_05
Gerovass,4 2000,5,Palladio,2/12/2023,Tarmac,Cup,21,376.82,324.18,Palladio_05
Halivela,3 2000,5,Palladio,2/12/2023,Tarmac,Cup,22,381.84,324.18,Palladio_05
Gavriili,4 2000+,5,Palladio,2/12/2023,Tarmac,Cup,23,387.15,324.18,Palladio_05
Melas D.,2,5,Palladio,2/12/2023,Tarmac,Cup,24,391.02,324.18,Palladio_05
Pakkos F,C3 F2,5,Palladio,2/12/2023,Tarmac,Cup,25,419.72,324.18,Palladio_05
Chrissaf,C6 F2,5,Palladio,2/12/2023,Tarmac,Cup,26,461.18,324.18,Palladio_05
Avgeropo,C4 F2,6,Palladio,2/12/2023,Tarmac,Cup,1,236.95,236.95,Palladio_06
Nomikos ,C1,6,Palladio,2/12/2023,Tarmac,Cup,2,248.56,236.95,Palladio_06
Moschos ,C3 F2,6,Palladio,2/12/2023,Tarmac,Cup,3,249.43,236.95,Palladio_06
Stafilop,4 2000+,6,Palladio,2/12/2023,Tarmac,Cup,4,249.63,236.95,Palladio_06
Kapralos,C3 F2,6,Palladio,2/12/2023,Tarmac,Cup,5,254.8,236.95,Palladio_06
Karathan,C5 F2,6,Palladio,2/12/2023,Tarmac,Cup,6,255.55,236.95,Palladio_06
Rekkas V,C6 F2,6,Palladio,2/12/2023,Tarmac,Cup,7,259.24,236.95,Palladio_06
Benoukas,C6 F2,6,Palladio,2/12/2023,Tarmac,Cup,8,261.02,236.95,Palladio_06
Rekkas P,C6 F2,6,Palladio,2/12/2023,Tarmac,Cup,9,261.16,236.95,Palladio_06
Margaron,C3 F2,6,Palladio,2/12/2023,Tarmac,Cup,10,262.24,236.95,Palladio_06
Kalaitzi,C4 F2,6,Palladio,2/12/2023,Tarmac,Cup,11,262.31,236.95,Palladio_06
Kandilio,C3 F2,6,Palladio,2/12/2023,Tarmac,Cup,12,263.62,236.95,Palladio_06
Tiros Ni,C6 F2,6,Palladio,2/12/2023,Tarmac,Cup,13,263.65,236.95,Palladio_06
Stamatak,C6 F2,6,Palladio,2/12/2023,Tarmac,Cup,14,266.23,236.95,Palladio_06
Zois Dim,C5 F2,6,Palladio,2/12/2023,Tarmac,Cup,15,269.93,236.95,Palladio_06
Katsikas,3 2000,6,Palladio,2/12/2023,Tarmac,Cup,16,271.63,236.95,Palladio_06
Tsalamat,4,6,Palladio,2/12/2023,Tarmac,Cup,17,278.14,236.95,Palladio_06
Gavriili,4 2000+,6,Palladio,2/12/2023,Tarmac,Cup,18,285.64,236.95,Palladio_06
Melas D.,2,6,Palladio,2/12/2023,Tarmac,Cup,19,286.58,236.95,Palladio_06
Halivela,3 2000,6,Palladio,2/12/2023,Tarmac,Cup,20,287.62,236.95,Palladio_06
Papazogl,4 2000+,6,Palladio,2/12/2023,Tarmac,Cup,21,290.16,236.95,Palladio_06
Gerovass,4 2000,6,Palladio,2/12/2023,Tarmac,Cup,22,292.93,236.95,Palladio_06
Kondilis,C5 F2,6,Palladio,2/12/2023,Tarmac,Cup,23,313.15,236.95,Palladio_06
Pakkos F,C3 F2,6,Palladio,2/12/2023,Tarmac,Cup,24,313.32,236.95,Palladio_06
Chrissaf,C6 F2,6,Palladio,2/12/2023,Tarmac,Cup,25,326.58,236.95,Palladio_06
Anapolio,C1,1,Potamies,30/4/2023,Tarmac,cup,1,349.77,349.77,Potamies_01
Ktistaki,C3 F2,1,Potamies,30/4/2023,Tarmac,cup,2,357.68,349.77,Potamies_01
Peroulak,C2,1,Potamies,30/4/2023,Tarmac,cup,3,361.75,349.77,Potamies_01
Nikolida,C5 F2,1,Potamies,30/4/2023,Tarmac,cup,4,365.32,349.77,Potamies_01
Damianak,C4 F2,1,Potamies,30/4/2023,Tarmac,cup,5,367.46,349.77,Potamies_01
Frantzes,C3 F2,1,Potamies,30/4/2023,Tarmac,cup,6,372.06,349.77,Potamies_01
Titakis ,C3 F2,1,Potamies,30/4/2023,Tarmac,cup,7,374.02,349.77,Potamies_01
Kafetzak,C5 F2,1,Potamies,30/4/2023,Tarmac,cup,8,378.09,349.77,Potamies_01
Gobakis ,C3 F2,1,Potamies,30/4/2023,Tarmac,cup,9,381.99,349.77,Potamies_01
Perakis ,C4 F2,1,Potamies,30/4/2023,Tarmac,cup,10,384.01,349.77,Potamies_01
Polias M,C5 F2,1,Potamies,30/4/2023,Tarmac,cup,11,385.95,349.77,Potamies_01
Ioannidi,C5 F2,1,Potamies,30/4/2023,Tarmac,cup,12,391.63,349.77,Potamies_01
Maragaki,C6 F2,1,Potamies,30/4/2023,Tarmac,cup,13,394.96,349.77,Potamies_01
Partheni,C6 F2,1,Potamies,30/4/2023,Tarmac,cup,14,403.54,349.77,Potamies_01
Poulakis,C6 F2,1,Potamies,30/4/2023,Tarmac,cup,15,406.42,349.77,Potamies_01
Kapsalak,C3 F2,1,Potamies,30/4/2023,Tarmac,cup,16,450.47,349.77,Potamies_01
Stivakta,C6 F2,1,Potamies,30/4/2023,Tarmac,cup,17,465.13,349.77,Potamies_01
Anapolio,C1,2,Potamies,30/4/2023,Tarmac,cup,1,344.07,344.07,Potamies_02
Ktistaki,C3 F2,2,Potamies,30/4/2023,Tarmac,cup,2,350.67,344.07,Potamies_02
Peroulak,C2,2,Potamies,30/4/2023,Tarmac,cup,3,353.39,344.07,Potamies_02
Nikolida,C5 F2,2,Potamies,30/4/2023,Tarmac,cup,4,360.32,344.07,Potamies_02
Frantzes,C3 F2,2,Potamies,30/4/2023,Tarmac,cup,5,360.4,344.07,Potamies_02
Titakis ,C3 F2,2,Potamies,30/4/2023,Tarmac,cup,6,363.94,344.07,Potamies_02
Damianak,C4 F2,2,Potamies,30/4/2023,Tarmac,cup,7,367.22,344.07,Potamies_02
Kafetzak,C5 F2,2,Potamies,30/4/2023,Tarmac,cup,8,372.12,344.07,Potamies_02
Gobakis ,C3 F2,2,Potamies,30/4/2023,Tarmac,cup,9,374.96,344.07,Potamies_02
Polias M,C5 F2,2,Potamies,30/4/2023,Tarmac,cup,10,381.38,344.07,Potamies_02
Ioannidi,C5 F2,2,Potamies,30/4/2023,Tarmac,cup,11,385.77,344.07,Potamies_02
Perakis ,C4 F2,2,Potamies,30/4/2023,Tarmac,cup,12,386.0,344.07,Potamies_02
Poulakis,C6 F2,2,Potamies,30/4/2023,Tarmac,cup,13,400.51,344.07,Potamies_02
Maragaki,C6 F2,2,Potamies,30/4/2023,Tarmac,cup,14,401.89,344.07,Potamies_02
Partheni,C6 F2,2,Potamies,30/4/2023,Tarmac,cup,15,407.07,344.07,Potamies_02
Kapsalak,C3 F2,2,Potamies,30/4/2023,Tarmac,cup,16,438.76,344.07,Potamies_02
Stivakta,C6 F2,2,Potamies,30/4/2023,Tarmac,cup,17,447.05,344.07,Potamies_02
Anapolio,C1,3,Potamies,30/4/2023,Tarmac,cup,1,341.78,341.78,Potamies_03
Peroulak,C2,3,Potamies,30/4/2023,Tarmac,cup,2,348.01,341.78,Potamies_03
Ktistaki,C3 F2,3,Potamies,30/4/2023,Tarmac,cup,3,351.0,341.78,Potamies_03
Frantzes,C3 F2,3,Potamies,30/4/2023,Tarmac,cup,4,357.85,341.78,Potamies_03
Titakis ,C3 F2,3,Potamies,30/4/2023,Tarmac,cup,5,364.7,341.78,Potamies_03
Gobakis ,C3 F2,3,Potamies,30/4/2023,Tarmac,cup,6,372.24,341.78,Potamies_03
Damianak,C4 F2,3,Potamies,30/4/2023,Tarmac,cup,7,377.03,341.78,Potamies_03
Polias M,C5 F2,3,Potamies,30/4/2023,Tarmac,cup,8,378.9,341.78,Potamies_03
Ioannidi,C5 F2,3,Potamies,30/4/2023,Tarmac,cup,9,383.53,341.78,Potamies_03
Partheni,C6 F2,3,Potamies,30/4/2023,Tarmac,cup,10,399.13,341.78,Potamies_03
Maragaki,C6 F2,3,Potamies,30/4/2023,Tarmac,cup,11,400.31,341.78,Potamies_03
Poulakis,C6 F2,3,Potamies,30/4/2023,Tarmac,cup,12,403.56,341.78,Potamies_03
Kapsalak,C3 F2,3,Potamies,30/4/2023,Tarmac,cup,13,440.99,341.78,Potamies_03
Kafetzak,C5 F2,3,Potamies,30/4/2023,Tarmac,cup,14,454.73,341.78,Potamies_03
Stivakta,C6 F2,3,Potamies,30/4/2023,Tarmac,cup,15,478.25,341.78,Potamies_03
Tsouloft,C1,1,Stereas,4/6/2023,Gravel,Championship,1,183.52,183.52,Stereas_01
Papadimi,C1,1,Stereas,4/6/2023,Gravel,Championship,2,185.68,183.52,Stereas_01
Kehagias,C1,1,Stereas,4/6/2023,Gravel,Championship,3,192.79,183.52,Stereas_01
Kirkos P,C2,1,Stereas,4/6/2023,Gravel,Championship,4,197.1,183.52,Stereas_01
Panteli ,C1,1,Stereas,4/6/2023,Gravel,Championship,5,199.7,183.52,Stereas_01
Serderid,C1,1,Stereas,4/6/2023,Gravel,Championship,6,200.83,183.52,Stereas_01
Polykarp,C3 F2,1,Stereas,4/6/2023,Gravel,Championship,7,203.18,183.52,Stereas_01
Lefkadit,C3 F2,1,Stereas,4/6/2023,Gravel,Championship,8,205.16,183.52,Stereas_01
Dimopoul,C4 F2,1,Stereas,4/6/2023,Gravel,Championship,9,211.01,183.52,Stereas_01
Karaniko,C5 F2,1,Stereas,4/6/2023,Gravel,Championship,10,213.28,183.52,Stereas_01
Chatzima,C3 F2,1,Stereas,4/6/2023,Gravel,Championship,11,213.4,183.52,Stereas_01
Stamatop,C2,1,Stereas,4/6/2023,Gravel,Championship,12,216.27,183.52,Stereas_01
Nicolaou,C2,1,Stereas,4/6/2023,Gravel,Championship,13,218.39,183.52,Stereas_01
Vassilak,C1,1,Stereas,4/6/2023,Gravel,Championship,14,218.5,183.52,Stereas_01
Kafantar,C2,1,Stereas,4/6/2023,Gravel,Championship,15,218.86,183.52,Stereas_01
Amoutzas,C3 F2,1,Stereas,4/6/2023,Gravel,Championship,16,221.23,183.52,Stereas_01
Zygogian,C2,1,Stereas,4/6/2023,Gravel,Championship,17,221.24,183.52,Stereas_01
Halivela,3 2000,1,Stereas,4/6/2023,Gravel,Championship,18,226.24,183.52,Stereas_01
Giotis I,C4 F2,1,Stereas,4/6/2023,Gravel,Championship,19,227.92,183.52,Stereas_01
Davaris ,C2,1,Stereas,4/6/2023,Gravel,Championship,20,229.37,183.52,Stereas_01
J.J.  - ,C1,1,Stereas,4/6/2023,Gravel,Championship,21,230.22,183.52,Stereas_01
Milonas ,C4 F2,1,Stereas,4/6/2023,Gravel,Championship,22,230.86,183.52,Stereas_01
Pantiera,C6 F2,1,Stereas,4/6/2023,Gravel,Championship,23,233.5,183.52,Stereas_01
Chatziga,C3 F2,1,Stereas,4/6/2023,Gravel,Championship,24,234.63,183.52,Stereas_01
Christod,4 2000,1,Stereas,4/6/2023,Gravel,Championship,25,234.78,183.52,Stereas_01
Rigas Gi,C3 F2,1,Stereas,4/6/2023,Gravel,Championship,26,235.17,183.52,Stereas_01
Manousko,C6 F2,1,Stereas,4/6/2023,Gravel,Championship,27,235.91,183.52,Stereas_01
Amaxopou,2 -1600,1,Stereas,4/6/2023,Gravel,Championship,28,241.08,183.52,Stereas_01
Tsalamat,3 2000,1,Stereas,4/6/2023,Gravel,Championship,29,242.07,183.52,Stereas_01
Melas D.,2,1,Stereas,4/6/2023,Gravel,Championship,30,242.46,183.52,Stereas_01
Nomikos ,4 -1600,1,Stereas,4/6/2023,Gravel,Championship,31,242.98,183.52,Stereas_01
Argiriou,C4 F2,1,Stereas,4/6/2023,Gravel,Championship,32,243.92,183.52,Stereas_01
Stavropo,C6 F2,1,Stereas,4/6/2023,Gravel,Championship,33,244.69,183.52,Stereas_01
Kalamara,C3 F2,1,Stereas,4/6/2023,Gravel,Championship,34,244.74,183.52,Stereas_01
Halkias ,C3 F2,1,Stereas,4/6/2023,Gravel,Championship,35,245.83,183.52,Stereas_01
Paradiss,3 2000,1,Stereas,4/6/2023,Gravel,Championship,36,246.79,183.52,Stereas_01
Sotiropo,C6 F2,1,Stereas,4/6/2023,Gravel,Championship,37,248.21,183.52,Stereas_01
Kofinas ,4 -1600,1,Stereas,4/6/2023,Gravel,Championship,38,250.06,183.52,Stereas_01
Papadimi,4 2000,1,Stereas,4/6/2023,Gravel,Championship,39,251.17,183.52,Stereas_01
Kalaitzi,4 -1600,1,Stereas,4/6/2023,Gravel,Championship,40,251.64,183.52,Stereas_01
Athanaso,3 -1600,1,Stereas,4/6/2023,Gravel,Championship,41,253.37,183.52,Stereas_01
Delaport,C5 F2,1,Stereas,4/6/2023,Gravel,Championship,42,254.59,183.52,Stereas_01
Dodos Gi,4 -1600,1,Stereas,4/6/2023,Gravel,Championship,43,255.16,183.52,Stereas_01
Yiangou ,C2,1,Stereas,4/6/2023,Gravel,Championship,44,256.93,183.52,Stereas_01
Giokaris,C6 F2,1,Stereas,4/6/2023,Gravel,Championship,45,260.25,183.52,Stereas_01
Georgako,4 -1600,1,Stereas,4/6/2023,Gravel,Championship,46,260.94,183.52,Stereas_01
Panagiot,C6 F2,1,Stereas,4/6/2023,Gravel,Championship,47,262.68,183.52,Stereas_01
Yfantis ,C3 F2,1,Stereas,4/6/2023,Gravel,Championship,48,262.74,183.52,Stereas_01
Manoussa,C3 F2,1,Stereas,4/6/2023,Gravel,Championship,49,264.09,183.52,Stereas_01
Kotsopou,4 2000,1,Stereas,4/6/2023,Gravel,Championship,50,268.34,183.52,Stereas_01
Kassidop,4 -1600,1,Stereas,4/6/2023,Gravel,Championship,51,270.21,183.52,Stereas_01
Vassilop,2 2000,1,Stereas,4/6/2023,Gravel,Championship,52,279.26,183.52,Stereas_01
Antonopo,3 2000,1,Stereas,4/6/2023,Gravel,Championship,53,292.48,183.52,Stereas_01
Andrikop,C5 F2,1,Stereas,4/6/2023,Gravel,Championship,54,293.13,183.52,Stereas_01
Kansos P,4 2000,1,Stereas,4/6/2023,Gravel,Championship,55,310.2,183.52,Stereas_01
Papadimi,C1,2,Stereas,4/6/2023,Gravel,Championship,1,658.94,658.94,Stereas_02
Kehagias,C1,2,Stereas,4/6/2023,Gravel,Championship,2,687.41,658.94,Stereas_02
Panteli ,C1,2,Stereas,4/6/2023,Gravel,Championship,3,702.42,658.94,Stereas_02
Serderid,C1,2,Stereas,4/6/2023,Gravel,Championship,4,708.13,658.94,Stereas_02
Kirkos P,C2,2,Stereas,4/6/2023,Gravel,Championship,5,715.73,658.94,Stereas_02
Polykarp,C3 F2,2,Stereas,4/6/2023,Gravel,Championship,6,720.35,658.94,Stereas_02
Chatzima,C3 F2,2,Stereas,4/6/2023,Gravel,Championship,7,733.44,658.94,Stereas_02
Lefkadit,C3 F2,2,Stereas,4/6/2023,Gravel,Championship,8,738.39,658.94,Stereas_02
J.J.  - ,C1,2,Stereas,4/6/2023,Gravel,Championship,9,743.89,658.94,Stereas_02
Dimopoul,C4 F2,2,Stereas,4/6/2023,Gravel,Championship,10,761.18,658.94,Stereas_02
Nicolaou,C2,2,Stereas,4/6/2023,Gravel,Championship,11,763.4,658.94,Stereas_02
Amoutzas,C3 F2,2,Stereas,4/6/2023,Gravel,Championship,12,778.77,658.94,Stereas_02
Zygogian,C2,2,Stereas,4/6/2023,Gravel,Championship,13,786.27,658.94,Stereas_02
Stamatop,C2,2,Stereas,4/6/2023,Gravel,Championship,14,797.94,658.94,Stereas_02
Halivela,3 2000,2,Stereas,4/6/2023,Gravel,Championship,15,799.07,658.94,Stereas_02
Giotis I,C4 F2,2,Stereas,4/6/2023,Gravel,Championship,16,801.45,658.94,Stereas_02
Vassilak,C1,2,Stereas,4/6/2023,Gravel,Championship,17,803.52,658.94,Stereas_02
Christod,4 2000,2,Stereas,4/6/2023,Gravel,Championship,18,812.91,658.94,Stereas_02
Delaport,C5 F2,2,Stereas,4/6/2023,Gravel,Championship,19,817.28,658.94,Stereas_02
Milonas ,C4 F2,2,Stereas,4/6/2023,Gravel,Championship,20,826.37,658.94,Stereas_02
Chatziga,C3 F2,2,Stereas,4/6/2023,Gravel,Championship,21,826.39,658.94,Stereas_02
Papadimi,4 2000,2,Stereas,4/6/2023,Gravel,Championship,22,827.05,658.94,Stereas_02
Davaris ,C2,2,Stereas,4/6/2023,Gravel,Championship,23,830.36,658.94,Stereas_02
Paradiss,3 2000,2,Stereas,4/6/2023,Gravel,Championship,24,836.64,658.94,Stereas_02
Halkias ,C3 F2,2,Stereas,4/6/2023,Gravel,Championship,25,839.96,658.94,Stereas_02
Melas D.,2,2,Stereas,4/6/2023,Gravel,Championship,26,840.07,658.94,Stereas_02
Tsouloft,C1,2,Stereas,4/6/2023,Gravel,Championship,27,840.45,658.94,Stereas_02
Panagiot,C6 F2,2,Stereas,4/6/2023,Gravel,Championship,28,842.34,658.94,Stereas_02
Amaxopou,2 -1600,2,Stereas,4/6/2023,Gravel,Championship,29,843.74,658.94,Stereas_02
Rigas Gi,C3 F2,2,Stereas,4/6/2023,Gravel,Championship,30,844.36,658.94,Stereas_02
Stavropo,C6 F2,2,Stereas,4/6/2023,Gravel,Championship,31,849.33,658.94,Stereas_02
Manousko,C6 F2,2,Stereas,4/6/2023,Gravel,Championship,32,860.13,658.94,Stereas_02
Sotiropo,C6 F2,2,Stereas,4/6/2023,Gravel,Championship,33,860.79,658.94,Stereas_02
Athanaso,3 -1600,2,Stereas,4/6/2023,Gravel,Championship,34,861.06,658.94,Stereas_02
Giokaris,C6 F2,2,Stereas,4/6/2023,Gravel,Championship,35,869.66,658.94,Stereas_02
Tsalamat,3 2000,2,Stereas,4/6/2023,Gravel,Championship,36,869.71,658.94,Stereas_02
Yiangou ,C2,2,Stereas,4/6/2023,Gravel,Championship,37,870.22,658.94,Stereas_02
Yfantis ,C3 F2,2,Stereas,4/6/2023,Gravel,Championship,38,871.2,658.94,Stereas_02
Nomikos ,4 -1600,2,Stereas,4/6/2023,Gravel,Championship,39,884.68,658.94,Stereas_02
Georgako,4 -1600,2,Stereas,4/6/2023,Gravel,Championship,40,885.95,658.94,Stereas_02
Kalamara,C3 F2,2,Stereas,4/6/2023,Gravel,Championship,41,890.58,658.94,Stereas_02
Kofinas ,4 -1600,2,Stereas,4/6/2023,Gravel,Championship,42,890.72,658.94,Stereas_02
Dodos Gi,4 -1600,2,Stereas,4/6/2023,Gravel,Championship,43,904.61,658.94,Stereas_02
Kalaitzi,4 -1600,2,Stereas,4/6/2023,Gravel,Championship,44,923.79,658.94,Stereas_02
Vassilop,2 2000,2,Stereas,4/6/2023,Gravel,Championship,45,950.72,658.94,Stereas_02
Kassidop,4 -1600,2,Stereas,4/6/2023,Gravel,Championship,46,952.17,658.94,Stereas_02
Manoussa,C3 F2,2,Stereas,4/6/2023,Gravel,Championship,47,959.38,658.94,Stereas_02
Andrikop,C5 F2,2,Stereas,4/6/2023,Gravel,Championship,48,1009.32,658.94,Stereas_02
Kotsopou,4 2000,2,Stereas,4/6/2023,Gravel,Championship,49,1037.44,658.94,Stereas_02
Kansos P,4 2000,2,Stereas,4/6/2023,Gravel,Championship,50,1062.51,658.94,Stereas_02
Antonopo,3 2000,2,Stereas,4/6/2023,Gravel,Championship,51,1160.34,658.94,Stereas_02
Tsouloft,C1,3,Stereas,4/6/2023,Gravel,Championship,1,969.58,969.58,Stereas_03
Kehagias,C1,3,Stereas,4/6/2023,Gravel,Championship,2,992.13,969.58,Stereas_03
Papadimi,C1,3,Stereas,4/6/2023,Gravel,Championship,3,998.39,969.58,Stereas_03
Serderid,C1,3,Stereas,4/6/2023,Gravel,Championship,4,1024.71,969.58,Stereas_03
Kirkos P,C2,3,Stereas,4/6/2023,Gravel,Championship,5,1036.08,969.58,Stereas_03
Panteli ,C1,3,Stereas,4/6/2023,Gravel,Championship,6,1063.42,969.58,Stereas_03
J.J.  - ,C1,3,Stereas,4/6/2023,Gravel,Championship,7,1070.77,969.58,Stereas_03
Chatzima,C3 F2,3,Stereas,4/6/2023,Gravel,Championship,8,1091.29,969.58,Stereas_03
Lefkadit,C3 F2,3,Stereas,4/6/2023,Gravel,Championship,9,1102.62,969.58,Stereas_03
Zygogian,C2,3,Stereas,4/6/2023,Gravel,Championship,10,1128.28,969.58,Stereas_03
Amoutzas,C3 F2,3,Stereas,4/6/2023,Gravel,Championship,11,1130.19,969.58,Stereas_03
Dimopoul,C4 F2,3,Stereas,4/6/2023,Gravel,Championship,12,1143.1,969.58,Stereas_03
Stamatop,C2,3,Stereas,4/6/2023,Gravel,Championship,13,1154.27,969.58,Stereas_03
Davaris ,C2,3,Stereas,4/6/2023,Gravel,Championship,14,1161.96,969.58,Stereas_03
Milonas ,C4 F2,3,Stereas,4/6/2023,Gravel,Championship,15,1169.93,969.58,Stereas_03
Delaport,C5 F2,3,Stereas,4/6/2023,Gravel,Championship,16,1174.71,969.58,Stereas_03
Christod,4 2000,3,Stereas,4/6/2023,Gravel,Championship,17,1188.79,969.58,Stereas_03
Nicolaou,C2,3,Stereas,4/6/2023,Gravel,Championship,18,1195.46,969.58,Stereas_03
Chatziga,C3 F2,3,Stereas,4/6/2023,Gravel,Championship,19,1199.18,969.58,Stereas_03
Manousko,C6 F2,3,Stereas,4/6/2023,Gravel,Championship,20,1201.39,969.58,Stereas_03
Rigas Gi,C3 F2,3,Stereas,4/6/2023,Gravel,Championship,21,1206.61,969.58,Stereas_03
Halivela,3 2000,3,Stereas,4/6/2023,Gravel,Championship,22,1208.09,969.58,Stereas_03
Vassilak,C1,3,Stereas,4/6/2023,Gravel,Championship,23,1209.57,969.58,Stereas_03
Giotis I,C4 F2,3,Stereas,4/6/2023,Gravel,Championship,24,1210.83,969.58,Stereas_03
Panagiot,C6 F2,3,Stereas,4/6/2023,Gravel,Championship,25,1214.61,969.58,Stereas_03
Kalamara,C3 F2,3,Stereas,4/6/2023,Gravel,Championship,26,1217.28,969.58,Stereas_03
Yfantis ,C3 F2,3,Stereas,4/6/2023,Gravel,Championship,27,1217.61,969.58,Stereas_03
Stavropo,C6 F2,3,Stereas,4/6/2023,Gravel,Championship,28,1218.53,969.58,Stereas_03
Tsalamat,3 2000,3,Stereas,4/6/2023,Gravel,Championship,29,1219.98,969.58,Stereas_03
Melas D.,2,3,Stereas,4/6/2023,Gravel,Championship,30,1221.67,969.58,Stereas_03
Halkias ,C3 F2,3,Stereas,4/6/2023,Gravel,Championship,31,1244.23,969.58,Stereas_03
Giokaris,C6 F2,3,Stereas,4/6/2023,Gravel,Championship,32,1249.5,969.58,Stereas_03
Papadimi,4 2000,3,Stereas,4/6/2023,Gravel,Championship,33,1251.44,969.58,Stereas_03
Athanaso,3 -1600,3,Stereas,4/6/2023,Gravel,Championship,34,1258.89,969.58,Stereas_03
Georgako,4 -1600,3,Stereas,4/6/2023,Gravel,Championship,35,1266.55,969.58,Stereas_03
Amaxopou,2 -1600,3,Stereas,4/6/2023,Gravel,Championship,36,1276.32,969.58,Stereas_03
Kassidop,4 -1600,3,Stereas,4/6/2023,Gravel,Championship,37,1282.46,969.58,Stereas_03
Kofinas ,4 -1600,3,Stereas,4/6/2023,Gravel,Championship,38,1299.07,969.58,Stereas_03
Yiangou ,C2,3,Stereas,4/6/2023,Gravel,Championship,39,1329.49,969.58,Stereas_03
Vassilop,2 2000,3,Stereas,4/6/2023,Gravel,Championship,40,1369.35,969.58,Stereas_03
Kotsopou,4 2000,3,Stereas,4/6/2023,Gravel,Championship,41,1393.89,969.58,Stereas_03
Kansos P,4 2000,3,Stereas,4/6/2023,Gravel,Championship,42,1465.59,969.58,Stereas_03
Antonopo,3 2000,3,Stereas,4/6/2023,Gravel,Championship,43,1469.16,969.58,Stereas_03
Andrikop,C5 F2,3,Stereas,4/6/2023,Gravel,Championship,44,1487.92,969.58,Stereas_03
Sotiropo,C6 F2,3,Stereas,4/6/2023,Gravel,Championship,45,1745.33,969.58,Stereas_03
Dodos Gi,4 -1600,3,Stereas,4/6/2023,Gravel,Championship,46,1966.87,969.58,Stereas_03
Tsouloft,C1,4,Stereas,4/6/2023,Gravel,Championship,1,642.51,642.51,Stereas_04
Papadimi,C1,4,Stereas,4/6/2023,Gravel,Championship,2,671.27,642.51,Stereas_04
Panteli ,C1,4,Stereas,4/6/2023,Gravel,Championship,3,691.43,642.51,Stereas_04
Kirkos P,C2,4,Stereas,4/6/2023,Gravel,Championship,4,697.29,642.51,Stereas_04
Chatzima,C3 F2,4,Stereas,4/6/2023,Gravel,Championship,5,724.74,642.51,Stereas_04
Lefkadit,C3 F2,4,Stereas,4/6/2023,Gravel,Championship,6,729.16,642.51,Stereas_04
J.J.  - ,C1,4,Stereas,4/6/2023,Gravel,Championship,7,746.24,642.51,Stereas_04
Nicolaou,C2,4,Stereas,4/6/2023,Gravel,Championship,8,767.27,642.51,Stereas_04
Zygogian,C2,4,Stereas,4/6/2023,Gravel,Championship,9,802.85,642.51,Stereas_04
Giotis I,C4 F2,4,Stereas,4/6/2023,Gravel,Championship,10,811.66,642.51,Stereas_04
Milonas ,C4 F2,4,Stereas,4/6/2023,Gravel,Championship,11,817.78,642.51,Stereas_04
Serderid,C1,4,Stereas,4/6/2023,Gravel,Championship,12,819.39,642.51,Stereas_04
Davaris ,C2,4,Stereas,4/6/2023,Gravel,Championship,13,836.81,642.51,Stereas_04
Dimopoul,C4 F2,4,Stereas,4/6/2023,Gravel,Championship,14,839.06,642.51,Stereas_04
Rigas Gi,C3 F2,4,Stereas,4/6/2023,Gravel,Championship,15,839.16,642.51,Stereas_04
Panagiot,C6 F2,4,Stereas,4/6/2023,Gravel,Championship,16,843.46,642.51,Stereas_04
Manousko,C6 F2,4,Stereas,4/6/2023,Gravel,Championship,17,845.2,642.51,Stereas_04
Stavropo,C6 F2,4,Stereas,4/6/2023,Gravel,Championship,18,847.2,642.51,Stereas_04
Vassilak,C1,4,Stereas,4/6/2023,Gravel,Championship,19,855.07,642.51,Stereas_04
Chatziga,C3 F2,4,Stereas,4/6/2023,Gravel,Championship,20,864.15,642.51,Stereas_04
Kalamara,C3 F2,4,Stereas,4/6/2023,Gravel,Championship,21,873.01,642.51,Stereas_04
Yiangou ,C2,4,Stereas,4/6/2023,Gravel,Championship,22,873.14,642.51,Stereas_04
Yfantis ,C3 F2,4,Stereas,4/6/2023,Gravel,Championship,23,875.24,642.51,Stereas_04
Halkias ,C3 F2,4,Stereas,4/6/2023,Gravel,Championship,24,876.25,642.51,Stereas_04
Kehagias,C1,4,Stereas,4/6/2023,Gravel,Championship,25,909.11,642.51,Stereas_04
Delaport,C5 F2,4,Stereas,4/6/2023,Gravel,Championship,26,997.7,642.51,Stereas_04
Andrikop,C5 F2,4,Stereas,4/6/2023,Gravel,Championship,27,1057.83,642.51,Stereas_04
Giokaris,C6 F2,4,Stereas,4/6/2023,Gravel,Championship,28,1111.59,642.51,Stereas_04
Tsouloft,C1,5,Stereas,4/6/2023,Gravel,Championship,1,970.14,970.14,Stereas_05
Kehagias,C1,5,Stereas,4/6/2023,Gravel,Championship,2,987.64,970.14,Stereas_05
Papadimi,C1,5,Stereas,4/6/2023,Gravel,Championship,3,990.62,970.14,Stereas_05
Kirkos P,C2,5,Stereas,4/6/2023,Gravel,Championship,4,1014.02,970.14,Stereas_05
Serderid,C1,5,Stereas,4/6/2023,Gravel,Championship,5,1022.52,970.14,Stereas_05
Panteli ,C1,5,Stereas,4/6/2023,Gravel,Championship,6,1026.4,970.14,Stereas_05
J.J.  - ,C1,5,Stereas,4/6/2023,Gravel,Championship,7,1075.36,970.14,Stereas_05
Nicolaou,C2,5,Stereas,4/6/2023,Gravel,Championship,8,1083.18,970.14,Stereas_05
Chatzima,C3 F2,5,Stereas,4/6/2023,Gravel,Championship,9,1088.19,970.14,Stereas_05
Dimopoul,C4 F2,5,Stereas,4/6/2023,Gravel,Championship,10,1110.57,970.14,Stereas_05
Zygogian,C2,5,Stereas,4/6/2023,Gravel,Championship,11,1116.76,970.14,Stereas_05
Milonas ,C4 F2,5,Stereas,4/6/2023,Gravel,Championship,12,1165.32,970.14,Stereas_05
Davaris ,C2,5,Stereas,4/6/2023,Gravel,Championship,13,1170.21,970.14,Stereas_05
Manousko,C6 F2,5,Stereas,4/6/2023,Gravel,Championship,14,1185.78,970.14,Stereas_05
Chatziga,C3 F2,5,Stereas,4/6/2023,Gravel,Championship,15,1187.71,970.14,Stereas_05
Giotis I,C4 F2,5,Stereas,4/6/2023,Gravel,Championship,16,1200.0,970.14,Stereas_05
Panagiot,C6 F2,5,Stereas,4/6/2023,Gravel,Championship,17,1201.82,970.14,Stereas_05
Yfantis ,C3 F2,5,Stereas,4/6/2023,Gravel,Championship,18,1202.21,970.14,Stereas_05
Stavropo,C6 F2,5,Stereas,4/6/2023,Gravel,Championship,19,1209.73,970.14,Stereas_05
Kalamara,C3 F2,5,Stereas,4/6/2023,Gravel,Championship,20,1217.51,970.14,Stereas_05
Rigas Gi,C3 F2,5,Stereas,4/6/2023,Gravel,Championship,21,1220.97,970.14,Stereas_05
Delaport,C5 F2,5,Stereas,4/6/2023,Gravel,Championship,22,1227.75,970.14,Stereas_05
Yiangou ,C2,5,Stereas,4/6/2023,Gravel,Championship,23,1287.92,970.14,Stereas_05
Andrikop,C5 F2,5,Stereas,4/6/2023,Gravel,Championship,24,1412.87,970.14,Stereas_05
Vassilak,C1,5,Stereas,4/6/2023,Gravel,Championship,25,1525.7,970.14,Stereas_05
Giokaris,C6 F2,5,Stereas,4/6/2023,Gravel,Championship,26,1562.13,970.14,Stereas_05
Halkias ,C3 F2,5,Stereas,4/6/2023,Gravel,Championship,27,1635.75,970.14,Stereas_05
